STATION               :		UDAIPUR (A)			DISTRICT   :		UDAIPUR		STATE           :		RAJASTHAN	
CATCHMENT NO.  :					LATITUDE  :		"240 35"" N"		LONGITUDE   :		"730 42"" E"	
-	-	-	-	-	-	-	-	-	-	-	-	-
DATE	JAN	FEB	MAR	APR	MAY	JUN	JUL	AUG	SEP	OCT	NOV	DEC
-	-	-	-	-	-	-	-	-	-	-	-	-
1	0.0	0.0	0.0	0.0	0.0	0.0	0.0	0.0	0.0	0.0	0.0	0.0
2	0.0	0.0	0.0	0.0	0.0	0.0	0.0	0.0	0.0	0.0	0.0	0.0
3	0.0	0.0	0.0	0.0	0.0	12.2	0.0	0.0	0.0	0.0	0.0	0.0
4	0.0	0.0	0.0	0.0	0.0	0.0	0.0	0.0	0.0	0.0	0.0	0.0
5	0.0	0.0	0.0	0.0	0.0	1.8	0.0	0.0	0.0	0.0	0.0	0.0
6	0.0	0.0	0.0	0.0	0.0	0.0	0.0	0.0	0.0	0.0	0.0	0.0
7	0.0	0.0	0.0	0.0	0.0	0.0	0.8	0.0	0.0	0.0	0.0	0.0
8	0.0	0.0	0.0	0.0	0.0	0.0	0.0	0.0	0.0	0.0	0.0	0.0
9	33.5	0.0	0.0	0.0	0.0	0.0	2.8	0.0	0.0	0.0	0.0	0.0
10	0.0	0.0	0.0	0.0	0.0	0.0	0.0	10.7	0.0	0.0	0.0	0.0
11	0.0	0.0	0.0	0.0	0.0	0.0	43.4	47.2	0.0	0.0	0.0	0.0
12	0.0	0.0	0.0	0.0	0.0	0.0	1.5	43.2	0.0	0.0	0.0	0.3
13	0.0	0.0	0.0	0.0	0.0	0.0	49.5	3.6	2.5	0.0	9.7	0.0
14	0.0	0.0	0.0	0.0	0.0	0.0	30.5	0.3	0.0	0.0	2.8	0.0
15	0.0	0.0	0.0	0.0	0.0	0.0	30.0	2.8	0.0	0.0	0.0	0.0
16	0.0	0.0	0.0	0.0	0.0	11.4	0.0	6.3	0.0	0.0	0.0	0.0
17	0.0	0.0	0.0	0.0	0.0	0.0	6.3	1.3	0.0	0.0	0.0	0.0
18	0.0	0.0	0.0	0.0	0.0	0.0	0.0	0.0	0.0	0.0	1.0	0.0
19	0.0	0.0	0.0	0.0	0.0	0.0	0.0	2.5	0.0	0.0	0.0	0.0
20	0.0	0.0	0.0	0.0	0.0	0.0	0.0	0.5	0.0	0.0	0.0	0.0
21	0.0	0.0	0.0	0.0	0.0	0.0	0.0	1.8	0.0	0.0	0.0	0.0
22	0.0	0.0	0.0	0.0	0.0	0.0	0.0	12.7	0.0	0.0	0.0	0.0
23	0.0	0.0	0.0	0.0	0.0	0.0	1.0	0.0	0.0	0.0	0.0	0.0
24	0.0	0.0	0.0	0.0	0.0	0.0	0.0	105.7	0.0	0.0	0.0	0.0
25	0.0	0.0	0.0	0.0	0.0	21.1	0.0	6.1	0.0	0.0	0.0	0.0
26	0.0	0.0	0.0	0.0	0.0	6.6	0.3	0.0	0.0	0.0	0.0	0.0
27	0.0	0.0	0.0	0.0	0.0	0.0	21.1	0.0	0.0	0.0	0.0	0.0
28	0.0	0.0	0.0	0.0	0.0	20.6	36.1	0.0	0.0	0.0	0.0	0.0
29	0.0		0.0	0.0	0.0	11.2	0.0	0.0	0.0	0.0	0.0	0.0
30	0.0		0.0	0.0	0.0	13.2	0.0	0.0	0.0	0.0	0.0	0.0
31	0.0		0.0		0.0		0.0	0.0		0.0		0.0
-	-	-	-	-	-	-	-	-	-	-	-	-
MONTHLY												
RAINFALL	33.5	0.0	0.0	0.0	0.0	98.1	223.3	244.7	2.5	0.0	13.5	0.3
												
RAINYDAYS	1	0	0	0	0	7	8	10	1	0	2	0
												
NO.OFOBS-												
-ERVATION	31	28	31	30	31	30	31	31	30	31	30	31
-	-	-	-	-	-	-	-	-	-	-	-	-
HIGHEST DAILY RAINFALL FOR 1957 WAS					105.7	mm ON	24-Aug		49.5	mm ON	13-Jul	
					47.2	mm ON	11-Aug					
ANNUAL RAINFALL =			615.9	ANNUAL RAINY DAYS =			29	ANNUAL NO OF OBSERVATIONS =				365
-	-	-	-	-	-	-	-	-	-	-	-	-
												
STATION               :		UDAIPUR			DISTRICT   :		UDAIPUR		STATE           :		RAJASTHAN	
CATCHMENT NO.  :		105			LATITUDE  :		"240 11"" N"		LONGITUDE   :		"730 55"" E"	
-	-	-	-	-	-	-	-	-	-	-	-	-
DATE	JAN	FEB	MAR	APR	MAY	JUN	JUL	AUG	SEP	OCT	NOV	DEC
-	-	-	-	-	-	-	-	-	-	-	-	-
1	0.0	0.0	0.0	0.0	0.0	0.0	0.0	0.0	0.0	0.0	0.0	0.0
2	0.0	0.0	0.0	0.0	0.0	11.4	0.0	0.0	0.0	0.0	0.0	0.0
3	0.0	0.0	0.0	0.0	0.0	0.0	0.0	0.0	0.0	0.0	0.0	0.0
4	0.0	0.0	0.0	0.0	0.0	1.8	0.0	0.0	0.0	0.0	0.0	0.0
5	0.0	0.0	0.0	0.0	0.0	0.0	0.0	0.0	0.0	0.0	0.0	0.0
6	0.0	0.0	0.0	0.0	0.0	0.0	0.0	0.0	0.0	0.0	0.0	0.0
7	0.0	0.0	0.0	0.0	0.0	0.0	0.0	0.0	0.0	0.0	0.0	0.0
8	31.2	0.0	0.0	0.0	0.0	0.0	0.0	0.0	0.0	0.0	0.0	0.0
9	0.0	0.0	0.0	0.0	0.0	0.0	0.0	11.4	0.0	0.0	0.0	0.0
10	0.0	0.0	0.0	0.0	0.0	0.0	47.7	50.8	0.0	0.0	0.0	0.0
11	0.0	0.0	0.0	0.0	0.0	0.0	36.3	52.3	0.0	0.0	0.0	0.0
12	0.0	0.0	0.0	0.0	0.0	0.0	29.7	2.3	1.3	0.0	9.1	0.0
13	0.0	0.0	0.0	0.0	0.0	0.0	23.9	2.0	0.0	0.0	1.5	0.0
14	0.0	0.0	0.0	0.0	0.0	0.0	0.0	0.0	0.0	0.0	0.0	0.0
15	0.0	0.0	0.0	0.0	0.0	10.4	0.0	2.5	0.0	0.0	0.0	0.0
16	0.0	0.0	0.0	0.0	0.0	0.0	1.5	0.0	0.0	0.0	0.0	0.0
17	0.0	0.0	0.0	0.0	0.0	0.0	0.0	0.0	0.0	0.0	0.8	0.0
18	0.0	0.0	0.0	0.0	0.0	0.0	0.0	0.0	0.0	0.0	0.0	0.0
19	0.0	0.0	0.0	0.0	0.0	0.0	0.0	0.0	0.0	0.0	0.0	0.0
20	0.0	0.0	0.0	0.0	0.0	0.0	0.0	3.1	0.0	0.0	0.0	0.0
21	0.0	0.0	0.0	0.0	0.0	0.0	0.0	10.2	0.0	0.0	0.0	0.0
22	0.0	0.0	0.0	0.0	0.0	0.0	0.8	0.0	0.0	0.0	0.0	0.0
23	0.0	0.0	0.0	0.0	0.0	0.0	0.0	96.5	0.0	0.0	0.0	0.0
24	0.0	0.0	0.0	0.0	0.0	27.4	0.0	5.6	0.0	0.0	0.0	0.0
25	0.0	0.0	0.0	0.0	0.0	33.8	0.0	0.0	0.0	0.0	0.0	0.0
26	0.0	0.0	0.0	0.0	0.0	0.0	20.3	0.0	0.0	0.0	0.0	0.0
27	0.0	0.0	0.0	0.0	0.0	17.8	35.6	0.0	0.0	0.0	0.0	0.0
28	0.0	0.0	0.0	0.0	0.0	12.7	0.0	0.0	0.0	0.0	0.0	0.0
29	0.0		0.0	0.0	0.0	11.4	0.0	0.0	0.0	0.0	0.0	0.0
30	0.0		0.0	0.0	0.0	0.0	0.0	0.0	0.0	0.0	0.0	0.0
31	0.0		0.0		0.0		0.0	0.0		0.0		0.0
-	-	-	-	-	-	-	-	-	-	-	-	-
MONTHLY												
RAINFALL	31.2	0.0	0.0	0.0	0.0	126.7	195.8	236.7	1.3	0.0	11.4	0.0
												
RAINYDAYS	1	0	0	0	0	7	6	8	0	0	1	0
												
NO.OFOBS-												
-ERVATION	31	28	31	30	31	30	31	31	30	31	30	31
-	-	-	-	-	-	-	-	-	-	-	-	-
HIGHEST DAILY RAINFALL FOR 1957 WAS					96.5	mm ON	23-Aug		52.3	mm ON	11-Aug	
					50.8	mm ON	10-Aug					
ANNUAL RAINFALL =			603.1	ANNUAL RAINY DAYS =			23	ANNUAL NO OF OBSERVATIONS =				365
-	-	-	-	-	-	-	-	-	-	-	-	-
												
STATION               :		RAJSAMAND			DISTRICT   :		UDAIPUR		STATE           :		RAJASTHAN	
CATCHMENT NO.  :		106			LATITUDE  :		"250 45"" N"		LONGITUDE   :		"740 05"" E"	
-	-	-	-	-	-	-	-	-	-	-	-	-
DATE	JAN	FEB	MAR	APR	MAY	JUN	JUL	AUG	SEP	OCT	NOV	DEC
-	-	-	-	-	-	-	-	-	-	-	-	-
1	0.0	0.0	0.0	0.0	0.0	0.0	0.0	0.0	0.0	0.0	0.0	0.0
2	0.0	0.0	0.0	0.0	0.0	7.4	0.0	3.6	0.0	0.0	0.0	0.0
3	0.0	0.0	0.0	0.0	0.0	0.0	0.0	0.0	0.0	0.0	0.0	0.0
4	0.0	0.0	0.0	0.0	0.0	0.0	0.0	0.0	0.0	0.0	0.0	0.0
5	0.0	0.0	0.0	0.0	0.0	1.5	0.0	0.0	0.0	0.0	0.0	0.0
6	0.0	0.0	0.0	0.0	0.0	0.0	0.0	0.0	0.0	0.0	0.0	0.0
7	0.0	0.0	0.0	0.0	0.0	0.0	0.0	0.0	0.0	0.0	0.0	0.0
8	30.7	0.0	0.0	0.0	0.0	0.0	10.2	0.0	0.0	0.0	0.0	0.0
9	0.0	0.0	0.0	0.0	0.0	0.0	1.8	0.0	11.4	0.0	0.0	0.0
10	0.0	0.0	0.0	0.0	0.0	0.0	3.1	1.8	0.0	0.0	0.0	0.0
11	0.0	0.0	0.0	0.0	0.0	0.0	0.0	27.4	0.0	0.0	0.0	0.0
12	0.0	0.0	0.0	0.0	0.0	0.0	0.0	6.3	13.2	0.0	0.0	0.0
13	0.0	0.0	0.0	0.0	0.0	0.0	5.6	0.8	7.4	0.0	0.0	0.0
14	0.0	0.0	0.0	0.0	0.0	0.0	9.4	1.8	0.0	0.0	2.8	0.0
15	0.0	0.0	0.0	0.0	0.0	9.7	0.0	7.4	0.0	0.0	0.0	0.0
16	0.0	0.0	0.0	0.0	0.0	0.0	0.0	23.1	0.0	0.0	0.0	0.0
17	0.0	0.0	0.0	0.0	0.0	15.2	0.0	0.0	0.0	0.0	0.0	0.0
18	0.0	0.0	0.0	0.0	0.0	0.0	0.0	0.0	0.0	0.0	0.0	0.0
19	0.0	0.0	0.0	0.0	0.0	0.0	0.0	2.3	0.0	0.0	0.0	0.0
20	0.0	0.0	0.0	0.0	0.0	0.0	0.0	3.6	0.0	0.0	0.0	0.0
21	0.0	0.0	0.0	0.0	0.0	0.0	0.0	0.0	0.0	7.9	0.0	0.0
22	0.0	0.0	0.0	0.0	0.0	0.0	1.0	0.0	0.0	17.5	0.0	0.0
23	0.0	0.0	0.0	0.0	0.0	2.3	0.0	217.7	0.0	0.0	0.0	0.0
24	0.0	0.0	0.0	0.0	0.0	16.8	1.0	0.0	0.0	0.0	0.0	0.0
25	0.0	0.0	0.0	0.0	0.0	0.0	0.0	0.0	0.0	0.0	0.0	0.0
26	0.0	0.0	0.0	0.0	0.0	12.7	7.1	0.0	0.0	0.0	0.0	0.0
27	0.0	0.0	0.0	0.0	0.0	0.0	0.0	0.0	0.0	0.0	0.0	0.0
28	0.0	0.0	0.0	0.0	0.0	24.9	0.0	0.0	0.0	0.0	0.0	0.0
29	0.0		0.0	0.0	0.0	0.0	0.0	0.0	0.0	0.0	0.0	0.0
30	0.0		0.0	0.0	0.0	0.0	0.0	0.0	0.0	0.0	0.0	0.0
31	0.0		0.0		0.0		0.0	0.0		0.0		0.0
-	-	-	-	-	-	-	-	-	-	-	-	-
MONTHLY												
RAINFALL	30.7	0.0	0.0	0.0	0.0	90.5	39.2	295.8	32.0	25.4	2.8	0.0
												
RAINYDAYS	1	0	0	0	0	6	5	7	3	2	1	0
												
NO.OFOBS-												
-ERVATION	31	28	31	30	31	30	31	31	30	31	30	31
-	-	-	-	-	-	-	-	-	-	-	-	-
HIGHEST DAILY RAINFALL FOR 1957 WAS					217.7	mm ON	23-Aug		30.7	mm ON	08-Jan	
					27.4	mm ON	11-Aug					
ANNUAL RAINFALL =			516.4	ANNUAL RAINY DAYS =			25	ANNUAL NO OF OBSERVATIONS =				365
-	-	-	-	-	-	-	-	-	-	-	-	-
												
STATION               :		SARARA			DISTRICT   :		UDAIPUR		STATE           :		RAJASTHAN	
CATCHMENT NO.  :		105			LATITUDE  :		"230 59"" N"		LONGITUDE   :		"730 36"" E"	
-	-	-	-	-	-	-	-	-	-	-	-	-
DATE	JAN	FEB	MAR	APR	MAY	JUN	JUL	AUG	SEP	OCT	NOV	DEC
-	-	-	-	-	-	-	-	-	-	-	-	-
1	0.0	0.0	0.0	0.0	0.0	0.0	0.0	0.0	0.0	0.0	0.0	0.0
2	0.0	0.0	0.0	0.0	0.0	0.0	0.0	6.3	0.0	0.0	0.0	0.0
3	0.0	0.0	0.0	0.0	0.0	0.0	0.0	0.0	0.0	0.0	0.0	0.0
4	0.0	0.0	0.0	0.0	0.0	7.6	0.0	0.0	0.0	0.0	0.0	0.0
5	0.0	0.0	0.0	0.0	0.0	0.0	0.0	0.0	0.0	0.0	0.0	0.0
6	0.0	0.0	0.0	0.0	0.0	0.0	0.0	0.0	0.0	0.0	0.0	0.0
7	0.0	0.0	0.0	0.0	0.0	0.0	0.0	0.0	0.0	0.0	0.0	0.0
8	0.0	0.0	0.0	0.0	0.0	0.0	0.0	0.0	0.0	0.0	0.0	0.0
9	0.0	0.0	0.0	0.0	0.0	0.0	6.3	0.0	0.0	0.0	0.0	0.0
10	0.0	0.0	0.0	0.0	0.0	0.0	76.2	38.1	0.0	0.0	0.0	0.0
11	0.0	0.0	0.0	0.0	0.0	0.0	20.3	0.0	0.0	0.0	0.0	0.0
12	0.0	0.0	0.0	0.0	0.0	0.0	12.7	0.0	0.0	0.0	0.0	0.0
13	0.0	0.0	0.0	0.0	0.0	0.0	12.7	0.0	0.0	0.0	0.0	0.0
14	0.0	0.0	0.0	0.0	0.0	0.0	7.6	0.0	0.0	0.0	0.0	0.0
15	0.0	0.0	0.0	0.0	0.0	0.0	0.0	50.8	0.0	0.0	0.0	0.0
16	0.0	0.0	0.0	0.0	0.0	0.0	0.0	0.0	0.0	0.0	0.0	0.0
17	0.0	0.0	0.0	0.0	0.0	0.0	0.0	0.0	0.0	0.0	0.0	0.0
18	0.0	0.0	0.0	0.0	0.0	0.0	0.0	0.0	0.0	0.0	0.0	0.0
19	0.0	0.0	0.0	0.0	0.0	0.0	0.0	0.0	0.0	0.0	0.0	0.0
20	0.0	0.0	0.0	0.0	0.0	0.0	0.0	14.2	0.0	0.0	0.0	0.0
21	0.0	0.0	0.0	0.0	0.0	0.0	0.0	50.8	0.0	0.0	0.0	0.0
22	0.0	0.0	0.0	0.0	0.0	0.0	0.0	0.0	0.0	0.0	0.0	0.0
23	0.0	0.0	0.0	0.0	0.0	0.0	0.0	50.8	0.0	0.0	0.0	0.0
24	0.0	0.0	0.0	0.0	0.0	0.0	0.0	0.0	0.0	0.0	0.0	0.0
25	0.0	0.0	0.0	0.0	0.0	0.0	0.0	10.2	0.0	0.0	0.0	0.0
26	0.0	0.0	0.0	0.0	0.0	0.0	3.8	0.0	0.0	0.0	0.0	0.0
27	0.0	0.0	0.0	0.0	0.0	0.0	0.0	0.0	0.0	0.0	0.0	0.0
28	0.0	0.0	0.0	0.0	0.0	21.6	0.0	0.0	0.0	0.0	0.0	0.0
29	0.0		0.0	0.0	0.0	33.0	0.0	0.0	0.0	0.0	0.0	0.0
30	0.0		0.0	0.0	0.0	0.0	0.0	0.0	0.0	0.0	0.0	0.0
31	0.0		0.0		0.0		0.0	0.0		0.0		0.0
-	-	-	-	-	-	-	-	-	-	-	-	-
MONTHLY												
RAINFALL	0.0	0.0	0.0	0.0	0.0	62.2	139.6	221.2	0.0	0.0	0.0	0.0
												
RAINYDAYS	0	0	0	0	0	3	7	7	0	0	0	0
												
NO.OFOBS-												
-ERVATION	31	28	31	30	31	30	31	31	30	31	30	31
-	-	-	-	-	-	-	-	-	-	-	-	-
HIGHEST DAILY RAINFALL FOR 1957 WAS					76.2	mm ON	10-Jul		50.8	mm ON	15-Aug	
					38.1	mm ON	10-Aug					
ANNUAL RAINFALL =			423.0	ANNUAL RAINY DAYS =			17	ANNUAL NO OF OBSERVATIONS =				365
-	-	-	-	-	-	-	-	-	-	-	-	-
												
STATION               :		BHIM			DISTRICT   :		UDAIPUR		STATE           :		RAJASTHAN	
CATCHMENT NO.  :		106			LATITUDE  :		"240 04"" N"		LONGITUDE   :		"730 53"" E"	
-	-	-	-	-	-	-	-	-	-	-	-	-
DATE	JAN	FEB	MAR	APR	MAY	JUN	JUL	AUG	SEP	OCT	NOV	DEC
-	-	-	-	-	-	-	-	-	-	-	-	-
1	0.0	0.0	0.0	0.0	0.0	0.0	0.0	0.0	0.0	0.0	0.0	0.0
2	0.0	0.0	0.0	0.0	0.0	40.6	0.0	0.0	0.0	0.0	0.0	0.0
3	0.0	0.0	0.0	0.0	0.0	0.0	0.0	0.0	0.0	0.0	0.0	0.0
4	0.0	0.0	0.0	0.0	0.0	0.0	0.0	0.0	0.0	0.0	0.0	0.0
5	0.0	0.0	0.0	0.0	0.0	0.0	0.0	0.0	0.0	0.0	0.0	0.0
6	0.0	0.0	0.0	0.0	0.0	0.0	0.0	0.0	0.0	0.0	0.0	0.0
7	0.0	0.0	0.0	0.0	0.0	0.0	0.0	0.0	0.0	0.0	0.0	0.0
8	16.0	0.0	0.0	0.0	0.0	0.0	26.7	0.0	0.0	0.0	0.0	0.0
9	0.0	0.0	0.0	0.0	0.0	0.0	52.1	0.0	0.0	0.0	0.0	0.0
10	0.0	0.0	0.0	0.0	0.0	0.0	24.1	0.0	0.0	0.0	0.0	0.0
11	0.0	0.0	0.0	0.0	0.0	0.0	0.0	0.0	0.0	0.0	0.0	0.0
12	0.0	0.0	0.0	0.0	0.0	0.0	0.0	0.0	5.1	0.0	0.0	0.0
13	0.0	0.0	0.0	0.0	0.0	0.0	0.0	6.1	4.3	0.0	0.0	0.0
14	0.0	0.0	0.0	0.0	0.0	0.0	11.4	0.0	0.0	0.0	0.0	0.0
15	0.0	0.0	0.0	0.0	0.0	0.0	0.0	0.0	0.0	0.0	0.0	0.0
16	0.0	0.0	0.0	0.0	0.0	0.0	0.0	0.0	0.0	0.0	0.0	0.0
17	0.0	0.0	0.0	0.0	0.0	0.0	0.0	0.0	0.0	0.0	0.0	0.0
18	0.0	0.0	0.0	0.0	0.0	0.0	0.0	0.0	0.0	0.0	0.0	0.0
19	0.0	0.0	0.0	0.0	0.0	0.0	0.0	0.0	0.0	0.0	0.0	0.0
20	0.0	0.0	0.0	0.0	0.0	0.0	0.0	30.0	0.0	0.0	0.0	0.0
21	0.0	0.0	0.0	0.0	0.0	0.0	0.0	0.0	0.0	0.0	0.0	0.0
22	0.0	0.0	0.0	0.0	0.0	0.0	0.0	0.0	0.0	0.0	0.0	0.0
23	0.0	0.0	0.0	0.0	0.0	0.0	0.0	111.8	0.0	18.3	0.0	0.0
24	0.0	0.0	0.0	0.0	0.0	0.0	0.0	0.0	0.0	0.0	0.0	0.0
25	0.0	0.0	0.0	0.0	0.0	0.0	0.0	0.0	0.0	0.0	0.0	0.0
26	0.0	0.0	0.0	0.0	0.0	0.0	53.3	0.0	0.0	0.0	0.0	0.0
27	0.0	0.0	0.0	0.0	0.0	0.0	0.0	0.0	0.0	0.0	0.0	0.0
28	0.0	0.0	0.0	0.0	0.0	0.0	0.0	0.0	0.0	0.0	0.0	0.0
29	0.0		0.0	0.0	0.0	0.0	0.0	0.0	0.0	0.0	0.0	0.0
30	0.0		0.0	0.0	0.0	0.0	0.0	0.0	0.0	0.0	0.0	0.0
31	0.0		0.0		0.0		0.0	0.0		0.0		0.0
-	-	-	-	-	-	-	-	-	-	-	-	-
MONTHLY												
RAINFALL	16.0	0.0	0.0	0.0	0.0	40.6	167.6	147.9	9.4	18.3	0.0	0.0
												
RAINYDAYS	1	0	0	0	0	1	5	3	2	1	0	0
												
NO.OFOBS-												
-ERVATION	31	28	31	30	31	30	31	31	30	31	30	31
-	-	-	-	-	-	-	-	-	-	-	-	-
HIGHEST DAILY RAINFALL FOR 1957 WAS					111.8	mm ON	23-Aug		53.3	mm ON	26-Jul	
					52.1	mm ON	09-Jul					
ANNUAL RAINFALL =			399.8	ANNUAL RAINY DAYS =			13	ANNUAL NO OF OBSERVATIONS =				365
-	-	-	-	-	-	-	-	-	-	-	-	-
												
STATION               :		KHERWARA			DISTRICT   :		UDAIPUR		STATE           :		RAJASTHAN	
CATCHMENT NO.  :		106			LATITUDE  :		"240 24"" N"		LONGITUDE   :		"730 28"" E"	
-	-	-	-	-	-	-	-	-	-	-	-	-
DATE	JAN	FEB	MAR	APR	MAY	JUN	JUL	AUG	SEP	OCT	NOV	DEC
-	-	-	-	-	-	-	-	-	-	-	-	-
1	0.0	0.0	0.0	0.0	0.0	0.0	0.0	0.0	0.0	0.0	0.0	0.0
2	0.0	0.0	0.0	0.0	0.0	0.0	0.0	5.1	0.0	0.0	0.0	0.0
3	0.0	0.0	0.0	0.0	0.0	0.0	0.0	0.0	0.0	0.0	0.0	0.0
4	0.0	0.0	0.0	0.0	0.0	5.1	0.0	0.0	0.0	0.0	0.0	0.0
5	0.0	0.0	0.0	0.0	0.0	0.0	0.0	0.0	0.0	0.0	0.0	0.0
6	0.0	0.0	0.0	0.0	0.0	0.0	0.0	0.0	0.0	0.0	0.0	0.0
7	0.0	0.0	0.0	0.0	0.0	0.0	0.0	0.0	0.0	0.0	0.0	0.0
8	8.9	0.0	0.0	0.0	0.0	0.0	31.7	0.0	0.0	0.0	0.0	0.0
9	0.0	0.0	0.0	0.0	0.0	0.0	0.0	0.0	0.0	0.0	0.0	0.0
10	0.0	0.0	0.0	0.0	0.0	0.0	30.5	2.0	0.0	0.0	0.0	0.0
11	0.0	0.0	0.0	0.0	0.0	0.0	29.2	14.0	0.0	0.0	0.0	0.0
12	0.0	0.0	0.0	0.0	0.0	0.0	30.5	7.6	1.3	0.0	0.0	0.0
13	0.0	0.0	0.0	0.0	0.0	0.0	26.7	5.1	10.2	0.0	0.0	0.0
14	0.0	0.0	0.0	0.0	0.0	0.0	3.8	0.0	0.0	0.0	0.0	0.0
15	0.0	0.0	0.0	0.0	0.0	0.0	0.0	0.0	0.0	0.0	0.0	0.0
16	0.0	0.0	0.0	0.0	0.0	0.0	0.0	0.0	0.0	0.0	0.0	0.0
17	0.0	0.0	0.0	0.0	0.0	0.0	7.6	0.0	0.0	0.0	0.0	0.0
18	0.0	0.0	0.0	0.0	0.0	0.0	5.1	0.0	0.0	0.0	0.0	0.0
19	0.0	0.0	0.0	0.0	0.0	0.0	0.0	0.0	0.0	0.0	0.0	0.0
20	0.0	0.0	0.0	0.0	0.0	0.0	0.0	7.6	0.0	0.0	0.0	0.0
21	0.0	0.0	0.0	0.0	0.0	0.0	0.0	3.8	0.0	0.0	0.0	0.0
22	0.0	0.0	0.0	0.0	0.0	10.2	3.1	6.3	0.0	0.0	0.0	0.0
23	0.0	0.0	0.0	0.0	0.0	0.0	0.0	12.7	0.0	0.0	0.0	0.0
24	0.0	0.0	0.0	0.0	0.0	25.4	10.2	67.3	0.0	0.0	0.0	0.0
25	0.0	0.0	0.0	0.0	0.0	0.0	12.2	10.2	0.0	0.0	0.0	0.0
26	0.0	0.0	0.0	0.0	0.0	0.0	41.9	0.0	0.0	0.0	0.0	0.0
27	0.0	0.0	0.0	0.0	0.0	0.0	2.5	0.0	0.0	0.0	0.0	0.0
28	0.0	0.0	0.0	0.0	0.0	106.7	0.0	0.0	0.0	0.0	0.0	0.0
29	0.0		0.0	0.0	0.0	0.0	0.0	0.0	0.0	0.0	0.0	0.0
30	0.0		0.0	0.0	0.0	0.0	0.0	0.0	0.0	0.0	0.0	0.0
31	0.0		0.0		0.0		1.3	0.0		0.0		0.0
-	-	-	-	-	-	-	-	-	-	-	-	-
MONTHLY												
RAINFALL	8.9	0.0	0.0	0.0	0.0	147.4	236.3	141.7	11.5	0.0	0.0	0.0
												
RAINYDAYS	1	0	0	0	0	4	13	10	1	0	0	0
												
NO.OFOBS-												
-ERVATION	31	28	31	30	31	30	31	31	30	31	30	31
-	-	-	-	-	-	-	-	-	-	-	-	-
HIGHEST DAILY RAINFALL FOR 1957 WAS					106.7	mm ON	28-Jun		67.3	mm ON	24-Aug	
					41.9	mm ON	26-Jul					
ANNUAL RAINFALL =			545.8	ANNUAL RAINY DAYS =			29	ANNUAL NO OF OBSERVATIONS =				365
-	-	-	-	-	-	-	-	-	-	-	-	-
												
STATION               :		KHAMNOR			DISTRICT   :		UDAIPUR		STATE           :		RAJASTHAN	
CATCHMENT NO.  :		106			LATITUDE  :		"240 35"" N"		LONGITUDE   :		"730 42"" E"	
-	-	-	-	-	-	-	-	-	-	-	-	-
DATE	JAN	FEB	MAR	APR	MAY	JUN	JUL	AUG	SEP	OCT	NOV	DEC
-	-	-	-	-	-	-	-	-	-	-	-	-
1	0.0	0.0	0.0	0.0	0.0	0.0	0.0	0.0	0.0	0.0	0.0	0.0
2	0.0	0.0	0.0	0.0	0.0	0.0	0.0	0.0	0.0	0.0	0.0	0.0
3	0.0	0.0	0.0	0.0	0.0	0.0	0.0	0.0	0.0	0.0	0.0	0.0
4	0.0	0.0	0.0	0.0	0.0	0.0	0.0	0.0	0.0	0.0	0.0	0.0
5	0.0	0.0	0.0	0.0	0.0	0.0	0.0	0.0	0.0	0.0	0.0	0.0
6	0.0	0.0	0.0	0.0	0.0	0.0	0.0	0.0	0.0	0.0	0.0	0.0
7	0.0	0.0	0.0	0.0	0.0	0.0	0.0	0.0	0.0	0.0	0.0	0.0
8	0.0	0.0	0.0	0.0	0.0	0.0	0.0	0.0	0.0	0.0	0.0	0.0
9	0.0	0.0	0.0	0.0	0.0	0.0	0.0	0.0	0.0	0.0	0.0	0.0
10	0.0	0.0	0.0	0.0	0.0	0.0	0.0	0.0	0.0	0.0	0.0	0.0
11	0.0	0.0	0.0	0.0	0.0	0.0	0.0	0.0	0.0	0.0	0.0	0.0
12	0.0	0.0	0.0	0.0	0.0	0.0	0.0	0.0	0.0	0.0	0.0	0.0
13	0.0	0.0	0.0	0.0	0.0	0.0	0.0	0.0	0.0	0.0	0.0	0.0
14	0.0	0.0	0.0	0.0	0.0	0.0	0.0	0.0	0.0	0.0	0.0	0.0
15	0.0	0.0	0.0	0.0	0.0	0.0	0.0	0.0	0.0	0.0	0.0	0.0
16	0.0	0.0	0.0	0.0	0.0	0.0	0.0	0.0	0.0	0.0	0.0	0.0
17	0.0	0.0	0.0	0.0	0.0	0.0	0.0	0.0	0.0	0.0	0.0	0.0
18	0.0	0.0	0.0	0.0	0.0	0.0	0.0	0.0	0.0	0.0	0.0	0.0
19	0.0	0.0	0.0	0.0	0.0	0.0	0.0	0.0	0.0	0.0	0.0	0.0
20	0.0	0.0	0.0	0.0	0.0	0.0	0.0	0.0	0.0	0.0	0.0	0.0
21	0.0	0.0	0.0	0.0	0.0	0.0	0.0	0.0	0.0	0.0	0.0	0.0
22	0.0	0.0	0.0	0.0	0.0	0.0	0.0	0.0	0.0	0.0	0.0	0.0
23	0.0	0.0	0.0	0.0	0.0	0.0	0.0	0.0	0.0	0.0	0.0	0.0
24	0.0	0.0	0.0	0.0	0.0	0.0	0.0	0.0	0.0	0.0	0.0	0.0
25	0.0	0.0	0.0	0.0	0.0	0.0	0.0	0.0	0.0	0.0	0.0	0.0
26	0.0	0.0	0.0	0.0	0.0	0.0	0.0	0.0	0.0	0.0	0.0	0.0
27	0.0	0.0	0.0	0.0	0.0	0.0	0.0	0.0	0.0	0.0	0.0	0.0
28	0.0	0.0	0.0	0.0	0.0	0.0	0.0	0.0	0.0	0.0	0.0	0.0
29	0.0		0.0	0.0	0.0	0.0	0.0	0.0	0.0	0.0	0.0	0.0
30	0.0		0.0	0.0	0.0	0.0	0.0	0.0	0.0	0.0	0.0	0.0
31	0.0		0.0		0.0		0.0	0.0		0.0		0.0
-	-	-	-	-	-	-	-	-	-	-	-	-
MONTHLY												
RAINFALL	0.0	0.0	0.0	0.0	0.0	0.0	0.0	N.A.	0.0	0.0	0.0	0.0
												
RAINYDAYS	0	0	0	0	0	0	0	N.A.	0	0	0	0
												
NO.OFOBS-												
-ERVATION	31	28	31	30	31	30	31	31	30	31	30	31
-	-	-	-	-	-	-	-	-	-	-	-	-
HIGHEST DAILY RAINFALL FOR 1957 WAS					0.0	mm ON						
												
ANNUAL RAINFALL =			0.0	ANNUAL RAINY DAYS =			0	ANNUAL NO OF OBSERVATIONS =				365
-	-	-	-	-	-	-	-	-	-	-	-	-
												
STATION               :		KUMBHALGARH			DISTRICT   :		UDAIPUR		STATE           :		RAJASTHAN	
CATCHMENT NO.  :		106			LATITUDE  :		"240 35"" N"		LONGITUDE   :		"730 42"" E"	
-	-	-	-	-	-	-	-	-	-	-	-	-
DATE	JAN	FEB	MAR	APR	MAY	JUN	JUL	AUG	SEP	OCT	NOV	DEC
-	-	-	-	-	-	-	-	-	-	-	-	-
1	0.0	0.0	0.0	0.0	0.0	0.0	0.0	0.0	0.0	0.0	0.0	0.0
2	0.0	0.0	0.0	0.0	0.0	0.0	0.0	0.0	0.0	0.0	0.0	0.0
3	0.0	0.0	0.0	0.0	0.0	0.0	0.0	0.0	0.0	0.0	0.0	0.0
4	0.0	0.0	0.0	0.0	0.0	0.0	0.0	0.0	0.0	0.0	0.0	0.0
5	0.0	0.0	0.0	0.0	0.0	0.0	0.0	0.0	0.0	0.0	0.0	0.0
6	0.0	0.0	0.0	0.0	0.0	0.0	0.0	0.0	0.0	0.0	0.0	0.0
7	0.0	0.0	0.0	0.0	0.0	0.0	0.0	0.0	0.0	0.0	0.0	0.0
8	47.0	0.0	0.0	0.0	0.0	0.0	0.0	0.0	0.0	0.0	0.0	0.0
9	0.0	0.0	0.0	0.0	0.0	0.0	6.3	0.0	6.3	0.0	0.0	0.0
10	0.0	0.0	0.0	0.0	0.0	0.0	31.2	4.8	7.6	0.0	0.0	0.0
11	0.0	0.0	0.0	0.0	0.0	0.0	0.0	8.1	0.0	0.0	0.0	0.0
12	0.0	0.0	0.0	0.0	0.0	0.0	0.0	7.6	0.0	0.0	0.0	0.0
13	0.0	0.0	0.0	0.0	0.0	0.0	8.1	0.0	5.1	0.0	0.0	0.0
14	0.0	0.0	0.0	0.0	0.0	0.0	4.6	0.0	0.0	0.0	0.0	0.0
15	0.0	0.0	0.0	0.0	0.0	27.9	0.0	0.0	0.0	0.0	0.0	0.0
16	0.0	0.0	0.0	0.0	0.0	0.0	0.0	36.1	0.0	0.0	0.0	0.0
17	0.0	0.0	0.0	0.0	0.0	2.5	0.0	0.0	0.0	0.0	0.0	0.0
18	0.0	0.0	0.0	0.0	0.0	0.0	0.0	0.0	0.0	0.0	0.0	0.0
19	0.0	0.0	0.0	0.0	0.0	0.0	0.0	0.0	0.0	0.0	0.0	0.0
20	0.0	0.0	0.0	0.0	0.0	0.0	0.0	37.1	0.0	0.0	0.0	0.0
21	0.0	0.0	0.0	0.0	0.0	16.5	0.0	7.4	0.0	6.1	0.0	0.0
22	0.0	0.0	0.0	0.0	0.0	0.0	0.0	0.0	0.0	7.6	0.0	0.0
23	0.0	0.0	0.0	0.0	0.0	5.1	0.0	194.3	0.0	0.0	0.0	0.0
24	0.0	0.0	0.0	0.0	0.0	8.9	0.0	25.4	5.1	0.0	0.0	0.0
25	0.0	0.0	0.0	0.0	0.0	30.5	0.0	0.0	0.0	0.0	0.0	0.0
26	0.0	0.0	0.0	0.0	0.0	17.8	12.5	0.0	0.0	0.0	0.0	0.0
27	0.0	0.0	0.0	0.0	0.0	0.0	0.0	0.0	0.0	0.0	0.0	0.0
28	0.0	0.0	0.0	0.0	0.0	5.8	0.0	0.0	0.0	0.0	0.0	0.0
29	0.0		0.0	0.0	0.0	145.8	0.0	0.0	0.0	0.0	0.0	0.0
30	0.0		0.0	0.0	0.0	0.0	0.0	0.0	0.0	0.0	0.0	0.0
31	0.0		0.0		0.0		0.0	0.0		0.0		0.0
-	-	-	-	-	-	-	-	-	-	-	-	-
MONTHLY												
RAINFALL	47.0	0.0	0.0	0.0	0.0	260.8	62.7	320.8	24.1	13.7	0.0	0.0
												
RAINYDAYS	1	0	0	0	0	9	5	8	4	2	0	0
												
NO.OFOBS-												
-ERVATION	31	28	31	30	31	30	31	31	30	31	30	31
-	-	-	-	-	-	-	-	-	-	-	-	-
HIGHEST DAILY RAINFALL FOR 1957 WAS					194.3	mm ON	23-Aug		145.8	mm ON	29-Jun	
					47.0	mm ON	08-Jan					
ANNUAL RAINFALL =			729.1	ANNUAL RAINY DAYS =			29	ANNUAL NO OF OBSERVATIONS =				365
-	-	-	-	-	-	-	-	-	-	-	-	-
												
STATION               :		AMET			DISTRICT   :		UDAIPUR		STATE           :		RAJASTHAN	
CATCHMENT NO.  :		106			LATITUDE  :		"250 10"" N"		LONGITUDE   :		"730 34"" E"	
-	-	-	-	-	-	-	-	-	-	-	-	-
DATE	JAN	FEB	MAR	APR	MAY	JUN	JUL	AUG	SEP	OCT	NOV	DEC
-	-	-	-	-	-	-	-	-	-	-	-	-
1	0.0	0.0	0.0	0.0	0.0	0.0	0.0	0.0	0.0	0.0	0.0	0.0
2	0.0	0.0	0.0	0.0	0.0	10.4	0.0	0.0	0.0	0.0	0.0	0.0
3	0.0	0.0	0.0	0.0	0.0	0.0	0.0	0.0	0.0	0.0	0.0	0.0
4	0.0	0.0	0.0	0.0	0.0	12.7	0.0	0.0	0.0	0.0	0.0	0.0
5	0.0	0.0	0.0	0.0	0.0	0.0	0.0	0.0	0.0	0.0	0.0	0.0
6	0.0	0.0	0.0	0.0	0.0	0.0	0.0	0.0	0.0	0.0	0.0	0.0
7	0.0	0.0	0.0	0.0	0.0	0.0	0.0	0.0	13.2	0.0	0.0	0.0
8	14.5	0.0	0.0	0.0	0.0	0.0	7.6	0.0	0.0	0.0	0.0	0.0
9	0.0	0.0	0.0	0.0	0.0	0.0	0.0	0.0	0.0	0.0	0.0	0.0
10	0.0	0.0	0.0	0.0	0.0	0.0	8.9	5.1	0.0	0.0	0.0	0.0
11	0.0	0.0	0.0	0.0	0.0	0.0	0.0	0.0	0.0	0.0	0.0	0.0
12	0.0	0.0	0.0	0.0	0.0	0.0	0.0	11.2	0.0	0.0	0.0	0.0
13	0.0	0.0	0.0	0.0	0.0	6.6	7.1	0.0	0.0	0.0	0.0	0.0
14	0.0	0.0	0.0	0.0	0.0	0.0	0.0	0.0	0.0	0.0	0.0	0.0
15	0.0	0.0	0.0	0.0	0.0	0.0	0.0	0.0	0.0	0.0	0.0	0.0
16	0.0	0.0	0.0	0.0	0.0	0.0	0.0	19.3	0.0	0.0	0.0	0.0
17	0.0	0.0	0.0	0.0	0.0	8.1	0.0	0.0	0.0	0.0	0.0	0.0
18	0.0	0.0	0.0	0.0	0.0	0.0	0.0	0.0	0.0	0.0	0.0	0.0
19	0.0	0.0	0.0	0.0	0.0	0.0	0.0	0.0	0.0	0.0	0.0	0.0
20	0.0	0.0	0.0	0.0	0.0	0.0	0.0	0.0	0.0	4.1	0.0	0.0
21	0.0	0.0	0.0	0.0	0.0	0.0	0.0	0.0	0.0	2.5	0.0	0.0
22	0.0	0.0	0.0	0.0	0.0	0.0	0.0	0.0	0.0	33.0	0.0	0.0
23	0.0	0.0	0.0	0.0	0.0	0.0	0.0	144.8	0.0	0.0	0.0	0.0
24	0.0	0.0	0.0	0.0	0.0	12.7	0.0	0.0	0.0	0.0	0.0	0.0
25	0.0	0.0	0.0	0.0	0.0	0.0	0.0	0.0	0.0	0.0	0.0	0.0
26	0.0	0.0	0.0	0.0	0.0	0.0	14.0	0.0	0.0	0.0	0.0	0.0
27	0.0	0.0	0.0	0.0	0.0	11.4	0.0	0.0	0.0	0.0	0.0	0.0
28	0.0	0.0	0.0	0.0	0.0	0.0	0.0	0.0	0.0	0.0	0.0	0.0
29	0.0		0.0	0.0	0.0	0.0	0.0	0.0	0.0	0.0	0.0	0.0
30	0.0		0.0	0.0	0.0	0.0	0.0	0.0	0.0	0.0	0.0	0.0
31	0.0		0.0		0.0		0.0	0.0		0.0		0.0
-	-	-	-	-	-	-	-	-	-	-	-	-
MONTHLY												
RAINFALL	14.5	0.0	0.0	0.0	0.0	61.9	37.6	180.4	13.2	39.6	0.0	0.0
												
RAINYDAYS	1	0	0	0	0	6	4	4	1	3	0	0
												
NO.OFOBS-												
-ERVATION	31	28	31	30	31	30	31	31	30	31	30	31
-	-	-	-	-	-	-	-	-	-	-	-	-
HIGHEST DAILY RAINFALL FOR 1957 WAS					144.8	mm ON	23-Aug		33.0	mm ON	22-Oct	
					19.3	mm ON	16-Aug					
ANNUAL RAINFALL =			347.2	ANNUAL RAINY DAYS =			19	ANNUAL NO OF OBSERVATIONS =				365
-	-	-	-	-	-	-	-	-	-	-	-	-
												
STATION               :		DEVGARH			DISTRICT   :		UDAIPUR		STATE           :		RAJASTHAN	
CATCHMENT NO.  :		106			LATITUDE  :		"250 19"" N"		LONGITUDE   :		"730 56"" E"	
-	-	-	-	-	-	-	-	-	-	-	-	-
DATE	JAN	FEB	MAR	APR	MAY	JUN	JUL	AUG	SEP	OCT	NOV	DEC
-	-	-	-	-	-	-	-	-	-	-	-	-
1	0.0	0.0	0.0	0.0	0.0	0.0	0.0	0.0	0.0	0.0	0.0	0.0
2	0.0	0.0	0.0	0.0	0.0	27.4	0.0	0.0	0.0	0.0	0.0	0.0
3	0.0	0.0	0.0	0.0	0.0	0.0	0.0	0.0	0.0	0.0	0.0	0.0
4	0.0	0.0	0.0	0.0	0.0	0.0	0.0	0.0	0.0	0.0	0.0	0.0
5	0.0	0.0	0.0	0.0	0.0	2.5	0.0	0.0	0.0	0.0	0.0	0.0
6	0.0	0.0	0.0	0.0	0.0	0.0	0.0	0.0	0.0	0.0	0.0	0.0
7	0.0	0.0	0.0	0.0	0.0	0.0	0.0	0.0	0.0	0.0	0.0	0.0
8	17.3	0.0	0.0	0.0	0.0	0.0	27.9	0.0	0.0	0.0	0.0	0.0
9	0.0	0.0	0.0	0.0	0.0	0.0	6.3	0.0	0.0	0.0	0.0	0.0
10	0.0	0.0	0.0	0.0	0.0	0.0	3.3	0.0	0.0	0.0	0.0	0.0
11	0.0	0.0	0.0	0.0	0.0	0.0	0.0	3.8	0.0	0.0	0.0	0.0
12	0.0	0.0	0.0	0.0	0.0	0.0	0.0	0.0	0.0	0.0	0.0	0.0
13	0.0	0.0	0.0	0.0	0.0	0.0	7.4	10.2	0.0	0.0	0.0	0.0
14	0.0	0.0	0.0	0.0	0.0	0.0	0.0	0.0	0.0	0.0	0.0	0.0
15	0.0	0.0	0.0	0.0	0.0	0.0	0.0	0.0	0.0	0.0	0.0	0.0
16	0.0	0.0	0.0	0.0	0.0	0.0	0.0	0.0	0.0	0.0	0.0	0.0
17	0.0	0.0	0.0	0.0	0.0	0.0	0.0	0.0	0.0	0.0	2.3	0.0
18	0.0	0.0	0.0	0.0	0.0	0.0	0.0	0.0	0.0	0.0	0.0	0.0
19	0.0	0.0	0.0	0.0	0.0	0.0	0.0	0.0	0.0	0.0	0.0	0.0
20	0.0	0.0	0.0	0.0	0.0	0.0	0.0	12.5	0.0	0.0	0.0	0.0
21	0.0	0.0	0.0	0.0	0.0	0.0	0.0	2.5	0.0	0.0	0.0	0.0
22	0.0	0.0	0.0	0.0	0.0	0.0	0.0	0.0	0.0	7.9	0.0	0.0
23	0.0	0.0	0.0	0.0	0.0	0.0	0.0	139.7	0.0	0.0	0.0	0.0
24	0.0	0.0	0.0	0.0	0.0	2.8	0.0	0.0	0.0	0.0	0.0	0.0
25	0.0	0.0	0.0	0.0	0.0	0.0	15.2	8.1	0.0	0.0	0.0	0.0
26	0.0	0.0	0.0	0.0	0.0	2.8	7.1	0.0	0.0	0.0	0.0	0.0
27	0.0	0.0	0.0	0.0	0.0	0.0	0.0	0.0	0.0	0.0	0.0	0.0
28	0.0	0.0	0.0	0.0	0.0	12.2	0.0	0.0	0.0	0.0	0.0	0.0
29	0.0		0.0	0.0	0.0	12.5	0.0	0.0	0.0	0.0	0.0	0.0
30	0.0		0.0	0.0	0.0	0.0	0.0	0.0	0.0	0.0	0.0	0.0
31	0.0		0.0		0.0		0.0	0.0		0.0		0.0
-	-	-	-	-	-	-	-	-	-	-	-	-
MONTHLY												
RAINFALL	17.3	0.0	0.0	0.0	0.0	60.2	67.2	176.8	0.0	7.9	2.3	0.0
												
RAINYDAYS	1	0	0	0	0	6	6	6	0	1	0	0
												
NO.OFOBS-												
-ERVATION	31	28	31	30	31	30	31	31	30	31	30	31
-	-	-	-	-	-	-	-	-	-	-	-	-
HIGHEST DAILY RAINFALL FOR 1957 WAS					139.7	mm ON	23-Aug		27.9	mm ON	08-Jul	
					27.4	mm ON	02-Jun					
ANNUAL RAINFALL =			331.7	ANNUAL RAINY DAYS =			20	ANNUAL NO OF OBSERVATIONS =				365
-	-	-	-	-	-	-	-	-	-	-	-	-
												
STATION               :		VALLABH NAGAR			DISTRICT   :		UDAIPUR		STATE           :		RAJASTHAN	
CATCHMENT NO.  :		106			LATITUDE  :		"250 19"" N"		LONGITUDE   :		"730 56"" E"	
-	-	-	-	-	-	-	-	-	-	-	-	-
DATE	JAN	FEB	MAR	APR	MAY	JUN	JUL	AUG	SEP	OCT	NOV	DEC
-	-	-	-	-	-	-	-	-	-	-	-	-
1	0.0	0.0	0.0	0.0	0.0	0.0	0.0	0.0	0.0	0.0	0.0	0.0
2	0.0	0.0	0.0	0.0	0.0	0.0	0.0	0.0	0.0	0.0	0.0	0.0
3	0.0	0.0	0.0	0.0	0.0	0.0	0.0	0.0	0.0	0.0	0.0	0.0
4	0.0	0.0	0.0	0.0	0.0	0.0	0.0	0.0	0.0	0.0	0.0	0.0
5	0.0	0.0	0.0	0.0	0.0	0.0	0.0	0.0	0.0	0.0	0.0	0.0
6	0.0	0.0	0.0	0.0	0.0	0.0	0.0	0.0	6.6	0.0	0.0	0.0
7	0.0	0.0	0.0	0.0	0.0	0.0	0.0	0.0	0.0	0.0	0.0	0.0
8	15.2	0.0	0.0	0.0	0.0	0.0	0.0	0.0	0.0	0.0	0.0	0.0
9	0.0	0.0	0.0	0.0	0.0	0.0	0.0	0.0	0.0	0.0	0.0	0.0
10	0.0	0.0	0.0	0.0	0.0	0.0	88.9	22.9	0.0	0.0	0.0	0.0
11	0.0	0.0	0.0	0.0	0.0	0.0	0.0	95.3	0.0	0.0	0.0	0.0
12	0.0	0.0	0.0	0.0	0.0	0.0	0.0	5.1	20.8	0.0	0.0	0.0
13	0.0	0.0	0.0	0.0	0.0	0.0	16.5	0.0	0.0	0.0	0.0	0.0
14	0.0	0.0	0.0	0.0	0.0	0.0	22.9	7.6	0.0	0.0	0.0	0.0
15	0.0	0.0	0.0	0.0	0.0	7.6	0.0	8.1	0.0	0.0	0.0	0.0
16	0.0	0.0	0.0	0.0	0.0	0.0	4.6	22.9	0.0	0.0	0.0	0.0
17	0.0	0.0	0.0	0.0	0.0	0.0	0.0	0.0	0.0	0.0	0.0	0.0
18	0.0	0.0	0.0	0.0	0.0	0.0	0.0	0.0	0.0	0.0	0.0	0.0
19	0.0	0.0	0.0	0.0	0.0	0.0	0.0	0.0	0.0	0.0	0.0	0.0
20	0.0	0.0	0.0	0.0	0.0	0.0	0.0	33.0	0.0	0.0	0.0	0.0
21	0.0	0.0	0.0	0.0	0.0	0.0	0.0	0.0	0.0	0.0	0.0	0.0
22	0.0	0.0	0.0	0.0	0.0	0.0	0.0	0.0	0.0	2.5	0.0	0.0
23	0.0	0.0	0.0	0.0	0.0	0.0	0.0	88.9	0.0	0.0	0.0	0.0
24	0.0	0.0	0.0	0.0	0.0	0.0	0.0	0.0	0.0	0.0	0.0	0.0
25	0.0	0.0	0.0	0.0	0.0	0.0	0.0	0.0	0.0	0.0	0.0	0.0
26	0.0	0.0	0.0	0.0	0.0	11.4	35.6	0.0	0.0	0.0	0.0	0.0
27	0.0	0.0	0.0	0.0	0.0	7.9	0.0	0.0	0.0	0.0	0.0	0.0
28	0.0	0.0	0.0	0.0	0.0	0.0	0.0	0.0	0.0	0.0	0.0	0.0
29	0.0		0.0	0.0	0.0	0.0	0.0	0.0	0.0	0.0	0.0	0.0
30	0.0		0.0	0.0	0.0	0.0	0.0	0.0	0.0	0.0	0.0	0.0
31	0.0		0.0		0.0		0.0	0.0		0.0		0.0
-	-	-	-	-	-	-	-	-	-	-	-	-
MONTHLY												
RAINFALL	15.2	0.0	0.0	0.0	0.0	26.9	168.5	283.8	27.4	2.5	0.0	0.0
												
RAINYDAYS	1	0	0	0	0	3	5	8	2	1	0	0
												
NO.OFOBS-												
-ERVATION	31	28	31	30	31	30	31	31	30	31	30	31
-	-	-	-	-	-	-	-	-	-	-	-	-
HIGHEST DAILY RAINFALL FOR 1957 WAS					95.3	mm ON	11-Aug		88.9	mm ON	23-Aug	
					35.6	mm ON	26-Jul					
ANNUAL RAINFALL =			524.3	ANNUAL RAINY DAYS =			20	ANNUAL NO OF OBSERVATIONS =				365
-	-	-	-	-	-	-	-	-	-	-	-	-
												
STATION               :		MAVLI			DISTRICT   :		UDAIPUR		STATE           :		RAJASTHAN	
CATCHMENT NO.  :		106			LATITUDE  :		"250 34"" N"		LONGITUDE   :		"730 58"" E"	
-	-	-	-	-	-	-	-	-	-	-	-	-
DATE	JAN	FEB	MAR	APR	MAY	JUN	JUL	AUG	SEP	OCT	NOV	DEC
-	-	-	-	-	-	-	-	-	-	-	-	-
1	0.0	0.0	0.0	0.0	0.0	0.0	0.0	0.0	0.0	0.0	0.0	0.0
2	0.0	0.0	0.0	0.0	0.0	0.0	0.0	0.0	0.0	0.0	0.0	0.0
3	0.0	0.0	0.0	0.0	0.0	0.0	0.0	0.0	0.0	0.0	0.0	0.0
4	0.0	0.0	0.0	0.0	0.0	0.0	0.0	0.0	0.0	0.0	0.0	0.0
5	0.0	0.0	0.0	0.0	0.0	0.0	0.0	0.0	11.4	0.0	0.0	0.0
6	0.0	0.0	0.0	0.0	0.0	0.0	0.0	0.0	2.5	0.0	0.0	0.0
7	0.0	0.0	0.0	0.0	0.0	0.0	0.0	0.0	0.0	0.0	0.0	0.0
8	10.4	0.0	0.0	0.0	0.0	0.0	0.0	0.0	0.0	0.0	0.0	0.0
9	0.0	0.0	0.0	0.0	0.0	0.0	7.6	3.8	0.0	0.0	0.0	0.0
10	0.0	0.0	0.0	0.0	0.0	0.0	17.5	43.2	0.0	0.0	0.0	0.0
11	0.0	0.0	0.0	0.0	0.0	0.0	0.0	81.3	0.0	0.0	0.0	0.0
12	0.0	0.0	0.0	0.0	0.0	0.0	5.3	8.6	3.8	0.0	0.0	0.0
13	0.0	0.0	0.0	0.0	0.0	0.0	20.1	0.0	0.0	0.0	0.0	0.0
14	0.0	0.0	0.0	0.0	0.0	0.0	24.1	4.6	0.0	0.0	15.5	0.0
15	0.0	0.0	0.0	0.0	0.0	6.6	0.0	0.0	0.0	0.0	0.0	0.0
16	0.0	0.0	0.0	0.0	0.0	0.0	0.0	7.6	0.0	0.0	0.0	0.0
17	0.0	0.0	0.0	0.0	0.0	0.0	0.0	0.0	0.0	0.0	0.0	0.0
18	0.0	0.0	0.0	0.0	0.0	0.0	0.0	0.0	0.0	0.0	0.0	0.0
19	0.0	0.0	0.0	0.0	0.0	0.0	0.0	0.0	0.0	0.0	0.0	0.0
20	0.0	0.0	0.0	0.0	0.0	0.0	0.0	5.1	0.0	0.0	0.0	0.0
21	0.0	0.0	0.0	0.0	0.0	0.0	0.0	0.0	0.0	0.0	0.0	0.0
22	0.0	0.0	0.0	0.0	0.0	0.0	2.5	0.0	0.0	6.3	0.0	0.0
23	0.0	0.0	0.0	0.0	0.0	0.0	0.0	117.3	0.0	0.0	0.0	0.0
24	0.0	0.0	0.0	0.0	0.0	0.0	0.0	2.8	0.0	0.0	0.0	0.0
25	0.0	0.0	0.0	0.0	0.0	0.0	0.0	0.0	0.0	0.0	0.0	0.0
26	0.0	0.0	0.0	0.0	0.0	27.2	23.1	0.0	0.0	0.0	0.0	0.0
27	0.0	0.0	0.0	0.0	0.0	0.0	0.0	0.0	0.0	0.0	0.0	0.0
28	0.0	0.0	0.0	0.0	0.0	0.0	0.0	0.0	0.0	0.0	0.0	0.0
29	0.0		0.0	0.0	0.0	14.0	0.0	0.0	0.0	0.0	0.0	0.0
30	0.0		0.0	0.0	0.0	0.0	0.0	0.0	0.0	0.0	0.0	0.0
31	0.0		0.0		0.0		0.0	0.0		0.0		0.0
-	-	-	-	-	-	-	-	-	-	-	-	-
MONTHLY												
RAINFALL	10.4	0.0	0.0	0.0	0.0	47.8	100.2	274.3	17.7	6.3	15.5	0.0
												
RAINYDAYS	1	0	0	0	0	3	7	9	3	1	1	0
												
NO.OFOBS-												
-ERVATION	31	28	31	30	31	30	31	31	30	31	30	31
-	-	-	-	-	-	-	-	-	-	-	-	-
HIGHEST DAILY RAINFALL FOR 1957 WAS					117.3	mm ON	23-Aug		81.3	mm ON	11-Aug	
					43.2	mm ON	10-Aug					
ANNUAL RAINFALL =			472.2	ANNUAL RAINY DAYS =			25	ANNUAL NO OF OBSERVATIONS =				365
-	-	-	-	-	-	-	-	-	-	-	-	-
												
STATION               :		BHOPALSAGAR			DISTRICT   :		UDAIPUR		STATE           :		RAJASTHAN	
CATCHMENT NO.  :		406			LATITUDE  :		"240 47"" N"		LONGITUDE   :		"730 59"" E"	
-	-	-	-	-	-	-	-	-	-	-	-	-
DATE	JAN	FEB	MAR	APR	MAY	JUN	JUL	AUG	SEP	OCT	NOV	DEC
-	-	-	-	-	-	-	-	-	-	-	-	-
1	0.0	0.0	0.0	0.0	0.0	0.0	0.0	0.0	0.0	0.0	0.0	0.0
2	0.0	0.0	0.0	0.0	0.0	0.0	0.0	0.0	0.0	0.0	0.0	0.0
3	0.0	0.0	0.0	0.0	0.0	0.0	0.0	6.3	0.0	0.0	0.0	0.0
4	0.0	0.0	0.0	0.0	0.0	0.0	0.0	0.0	0.0	0.0	0.0	0.0
5	0.0	0.0	0.0	0.0	0.0	0.0	0.0	0.0	15.2	0.0	0.0	0.0
6	0.0	0.0	0.0	0.0	0.0	0.0	0.0	0.0	0.0	0.0	0.0	0.0
7	0.0	0.0	0.0	0.0	0.0	0.0	0.0	0.0	0.0	0.0	0.0	0.0
8	15.2	0.0	0.0	0.0	0.0	0.0	0.0	0.0	0.0	0.0	0.0	0.0
9	0.0	0.0	0.0	0.0	0.0	0.0	0.0	0.0	0.0	0.0	0.0	0.0
10	0.0	0.0	0.0	0.0	0.0	0.0	50.8	17.8	0.0	0.0	0.0	0.0
11	0.0	0.0	0.0	0.0	0.0	0.0	12.7	63.5	0.0	0.0	0.0	0.0
12	0.0	0.0	0.0	0.0	0.0	0.0	0.0	61.0	0.0	0.0	0.0	0.0
13	0.0	0.0	0.0	0.0	0.0	0.0	24.1	0.0	40.6	0.0	0.0	0.0
14	0.0	0.0	0.0	0.0	0.0	0.0	38.1	10.2	15.2	0.0	0.0	0.0
15	0.0	0.0	0.0	0.0	0.0	0.0	0.0	0.0	0.0	0.0	0.0	0.0
16	0.0	0.0	0.0	0.0	0.0	5.1	8.9	12.7	0.0	0.0	0.0	0.0
17	0.0	0.0	0.0	0.0	0.0	0.0	0.0	0.0	0.0	0.0	0.0	0.0
18	0.0	0.0	0.0	0.0	0.0	0.0	0.0	0.0	0.0	0.0	0.0	0.0
19	0.0	0.0	0.0	0.0	0.0	0.0	0.0	0.0	0.0	0.0	0.0	0.0
20	0.0	0.0	0.0	0.0	0.0	0.0	0.0	0.0	0.0	0.0	0.0	0.0
21	0.0	0.0	0.0	0.0	0.0	0.0	0.0	10.2	0.0	0.0	0.0	0.0
22	0.0	0.0	0.0	0.0	0.0	0.0	0.0	0.0	0.0	31.7	0.0	0.0
23	0.0	0.0	0.0	0.0	0.0	0.0	0.0	101.6	0.0	0.0	0.0	0.0
24	0.0	0.0	0.0	0.0	0.0	0.0	0.0	0.0	0.0	0.0	0.0	0.0
25	0.0	0.0	0.0	0.0	0.0	0.0	11.4	0.0	0.0	0.0	0.0	0.0
26	0.0	0.0	0.0	0.0	0.0	19.6	39.4	0.0	0.0	0.0	0.0	0.0
27	0.0	0.0	0.0	0.0	0.0	0.0	29.2	0.0	0.0	0.0	0.0	0.0
28	0.0	0.0	0.0	0.0	0.0	30.5	0.0	0.0	0.0	0.0	0.0	0.0
29	0.0		0.0	0.0	0.0	0.0	0.0	0.0	0.0	0.0	0.0	0.0
30	0.0		0.0	0.0	0.0	0.0	0.0	0.0	0.0	0.0	0.0	0.0
31	0.0		0.0		0.0		0.0	0.0		0.0		0.0
-	-	-	-	-	-	-	-	-	-	-	-	-
MONTHLY												
RAINFALL	15.2	0.0	0.0	0.0	0.0	55.2	214.6	283.3	71.0	31.7	0.0	0.0
												
RAINYDAYS	1	0	0	0	0	3	8	8	3	1	0	0
												
NO.OFOBS-												
-ERVATION	31	28	31	30	31	30	31	31	30	31	30	31
-	-	-	-	-	-	-	-	-	-	-	-	-
HIGHEST DAILY RAINFALL FOR 1957 WAS					101.6	mm ON	23-Aug		63.5	mm ON	11-Aug	
					61.0	mm ON	12-Aug					
ANNUAL RAINFALL =			671.0	ANNUAL RAINY DAYS =			24	ANNUAL NO OF OBSERVATIONS =				365
-	-	-	-	-	-	-	-	-	-	-	-	-
												
STATION               :		LASADIYA			DISTRICT   :		UDAIPUR		STATE           :		RAJASTHAN	
CATCHMENT NO.  :		406			LATITUDE  :		"240 47"" N"		LONGITUDE   :		"730 59"" E"	
-	-	-	-	-	-	-	-	-	-	-	-	-
DATE	JAN	FEB	MAR	APR	MAY	JUN	JUL	AUG	SEP	OCT	NOV	DEC
-	-	-	-	-	-	-	-	-	-	-	-	-
1	0.0	0.0	0.0	0.0	0.0	0.0	0.0	0.0	0.0	0.0	0.0	0.0
2	0.0	0.0	0.0	0.0	0.0	0.0	0.0	0.0	0.0	0.0	0.0	0.0
3	0.0	0.0	0.0	0.0	0.0	0.0	0.0	0.0	0.0	0.0	0.0	0.0
4	0.0	0.0	0.0	0.0	0.0	0.0	0.0	0.0	0.0	0.0	0.0	0.0
5	0.0	0.0	0.0	0.0	0.0	0.0	0.0	0.0	0.0	0.0	0.0	0.0
6	0.0	0.0	0.0	0.0	0.0	0.0	0.0	0.0	0.0	0.0	0.0	0.0
7	0.0	0.0	0.0	0.0	0.0	0.0	0.0	0.0	0.0	0.0	0.0	0.0
8	0.0	0.0	0.0	0.0	0.0	0.0	0.0	0.0	0.0	0.0	0.0	0.0
9	0.0	0.0	0.0	0.0	0.0	0.0	0.0	2.5	0.0	0.0	0.0	0.0
10	0.0	0.0	0.0	0.0	0.0	0.0	0.0	10.2	0.0	0.0	0.0	0.0
11	0.0	0.0	0.0	0.0	0.0	0.0	0.0	0.0	0.0	0.0	0.0	0.0
12	0.0	0.0	0.0	0.0	0.0	0.0	25.4	0.0	3.3	0.0	0.0	0.0
13	0.0	0.0	0.0	0.0	0.0	0.0	15.2	0.0	0.0	0.0	0.0	0.0
14	0.0	0.0	0.0	0.0	0.0	0.0	0.0	24.6	0.0	0.0	0.0	0.0
15	0.0	0.0	0.0	0.0	0.0	0.0	0.0	4.6	0.0	0.0	0.0	0.0
16	0.0	0.0	0.0	0.0	0.0	0.0	0.0	0.0	0.0	0.0	0.0	0.0
17	0.0	0.0	0.0	0.0	0.0	0.0	0.0	0.0	0.0	0.0	0.0	0.0
18	0.0	0.0	0.0	0.0	0.0	0.0	0.0	0.0	0.0	0.0	0.0	0.0
19	0.0	0.0	0.0	0.0	0.0	0.0	0.0	0.0	0.0	0.0	0.0	0.0
20	0.0	0.0	0.0	0.0	0.0	0.0	0.0	127.0	0.0	0.0	0.0	0.0
21	0.0	0.0	0.0	0.0	0.0	0.0	0.0	0.0	0.0	0.0	0.0	0.0
22	0.0	0.0	0.0	0.0	0.0	0.0	0.0	0.0	0.0	0.0	0.0	0.0
23	0.0	0.0	0.0	0.0	0.0	0.0	0.0	101.6	0.0	0.0	0.0	0.0
24	0.0	0.0	0.0	0.0	0.0	0.0	0.0	9.7	0.0	0.0	0.0	0.0
25	0.0	0.0	0.0	0.0	0.0	0.0	0.0	0.0	0.0	0.0	0.0	0.0
26	0.0	0.0	0.0	0.0	0.0	0.0	0.0	0.0	0.0	0.0	0.0	0.0
27	0.0	0.0	0.0	0.0	0.0	0.0	0.0	0.0	0.0	0.0	0.0	0.0
28	0.0	0.0	0.0	0.0	0.0	66.0	0.0	0.0	0.0	0.0	0.0	0.0
29	0.0		0.0	0.0	0.0	0.0	0.0	0.0	0.0	0.0	0.0	0.0
30	0.0		0.0	0.0	0.0	0.0	7.6	0.0	0.0	0.0	0.0	0.0
31	0.0		0.0		0.0		10.2	0.0		0.0		0.0
-	-	-	-	-	-	-	-	-	-	-	-	-
MONTHLY												
RAINFALL	0.0	0.0	0.0	0.0	0.0	66.0	58.4	280.2	3.3	0.0	0.0	0.0
												
RAINYDAYS	0	0	0	0	0	1	4	7	1	0	0	0
												
NO.OFOBS-												
-ERVATION	31	28	31	30	31	30	31	31	30	31	30	31
-	-	-	-	-	-	-	-	-	-	-	-	-
HIGHEST DAILY RAINFALL FOR 1957 WAS					127.0	mm ON	20-Aug		101.6	mm ON	23-Aug	
					66.0	mm ON	28-Jun					
ANNUAL RAINFALL =			407.9	ANNUAL RAINY DAYS =			13	ANNUAL NO OF OBSERVATIONS =				365
-	-	-	-	-	-	-	-	-	-	-	-	-
												
STATION               :		SALUMBER			DISTRICT   :		UDAIPUR		STATE           :		RAJASTHAN	
CATCHMENT NO.  :		105			LATITUDE  :		"240 08"" N"		LONGITUDE   :		"740 03"" E"	
-	-	-	-	-	-	-	-	-	-	-	-	-
DATE	JAN	FEB	MAR	APR	MAY	JUN	JUL	AUG	SEP	OCT	NOV	DEC
-	-	-	-	-	-	-	-	-	-	-	-	-
1	0.0	0.0	0.0	0.0	0.0	0.0	0.0	0.0	0.0	0.0	0.0	0.0
2	0.0	0.0	0.0	0.0	0.0	0.0	0.0	0.0	0.0	0.0	0.0	0.0
3	0.0	0.0	0.0	0.0	0.0	0.0	0.0	0.0	0.0	0.0	0.0	0.0
4	0.0	0.0	0.0	0.0	0.0	0.0	0.0	0.0	0.0	0.0	0.0	0.0
5	0.0	0.0	0.0	0.0	0.0	0.0	0.0	0.0	0.0	0.0	0.0	0.0
6	0.0	0.0	0.0	0.0	0.0	0.0	0.0	0.0	0.0	0.0	0.0	0.0
7	0.0	0.0	0.0	0.0	0.0	0.0	0.0	0.0	0.0	0.0	0.0	0.0
8	5.1	0.0	0.0	0.0	0.0	0.0	0.0	0.0	0.0	0.0	0.0	0.0
9	0.0	0.0	0.0	0.0	0.0	0.0	7.6	0.0	0.0	0.0	0.0	0.0
10	0.0	0.0	0.0	0.0	0.0	0.0	0.0	13.7	0.0	0.0	0.0	0.0
11	0.0	0.0	0.0	0.0	0.0	0.0	22.3	0.0	0.0	0.0	0.0	0.0
12	0.0	0.0	0.0	0.0	0.0	0.0	25.9	0.0	0.0	0.0	0.0	0.0
13	0.0	0.0	0.0	0.0	0.0	0.0	15.7	0.0	0.0	0.0	0.0	0.0
14	0.0	0.0	0.0	0.0	0.0	0.0	7.6	14.0	0.0	0.0	0.0	0.0
15	0.0	0.0	0.0	0.0	0.0	0.0	11.2	4.1	0.0	0.0	0.0	0.0
16	0.0	0.0	0.0	0.0	0.0	0.0	27.4	0.0	0.0	0.0	0.0	0.0
17	0.0	0.0	0.0	0.0	0.0	0.0	0.0	0.0	0.0	0.0	0.0	0.0
18	0.0	0.0	0.0	0.0	0.0	0.0	0.0	0.0	0.0	0.0	0.0	0.0
19	0.0	0.0	0.0	0.0	0.0	0.0	0.0	0.0	0.0	0.0	0.0	0.0
20	0.0	0.0	0.0	0.0	0.0	0.0	2.3	68.6	0.0	0.0	0.0	0.0
21	0.0	0.0	0.0	0.0	0.0	0.0	0.0	2.5	0.0	0.0	0.0	0.0
22	0.0	0.0	0.0	0.0	0.0	0.0	2.3	10.7	0.0	0.0	0.0	0.0
23	0.0	0.0	0.0	0.0	0.0	0.0	0.0	80.8	0.0	0.0	0.0	0.0
24	0.0	0.0	0.0	0.0	0.0	0.0	0.0	0.0	0.0	0.0	0.0	0.0
25	0.0	0.0	0.0	0.0	0.0	0.0	0.0	0.0	0.0	0.0	0.0	0.0
26	0.0	0.0	0.0	0.0	0.0	0.0	11.4	0.0	0.0	0.0	0.0	0.0
27	0.0	0.0	0.0	0.0	0.0	0.0	0.0	0.0	0.0	0.0	0.0	0.0
28	0.0	0.0	0.0	0.0	0.0	131.1	0.0	0.0	0.0	0.0	0.0	0.0
29	0.0		0.0	0.0	0.0	58.2	0.0	0.0	0.0	0.0	0.0	0.0
30	0.0		0.0	0.0	0.0	0.0	0.0	0.0	0.0	0.0	0.0	0.0
31	0.0		0.0		0.0		0.0	0.0		0.0		0.0
-	-	-	-	-	-	-	-	-	-	-	-	-
MONTHLY												
RAINFALL	5.1	0.0	0.0	0.0	0.0	189.3	133.7	194.4	0.0	0.0	0.0	0.0
												
RAINYDAYS	1	0	0	0	0	2	8	7	0	0	0	0
												
NO.OFOBS-												
-ERVATION	31	28	31	30	31	30	31	31	30	31	30	31
-	-	-	-	-	-	-	-	-	-	-	-	-
HIGHEST DAILY RAINFALL FOR 1957 WAS					131.1	mm ON	28-Jun		80.8	mm ON	23-Aug	
					68.6	mm ON	20-Aug					
ANNUAL RAINFALL =			522.5	ANNUAL RAINY DAYS =			18	ANNUAL NO OF OBSERVATIONS =				365
-	-	-	-	-	-	-	-	-	-	-	-	-
												
STATION               :		PHALASIYA			DISTRICT   :		UDAIPUR		STATE           :		RAJASTHAN	
CATCHMENT NO.  :		106			LATITUDE  :		"240 22"" N"		LONGITUDE   :		"730 10"" E"	
-	-	-	-	-	-	-	-	-	-	-	-	-
DATE	JAN	FEB	MAR	APR	MAY	JUN	JUL	AUG	SEP	OCT	NOV	DEC
-	-	-	-	-	-	-	-	-	-	-	-	-
1	0.0	0.0	0.0	0.0	0.0	0.0	0.0	0.0	0.0	0.0	0.0	0.0
2	0.0	0.0	0.0	0.0	0.0	0.0	0.0	0.0	0.0	0.0	0.0	0.0
3	0.0	0.0	0.0	0.0	0.0	22.9	0.0	0.0	0.0	0.0	0.0	0.0
4	0.0	0.0	0.0	0.0	0.0	0.0	0.0	0.0	0.0	0.0	0.0	0.0
5	0.0	0.0	0.0	0.0	0.0	0.0	0.0	0.0	0.0	0.0	0.0	0.0
6	0.0	0.0	0.0	0.0	0.0	0.0	0.0	0.0	0.0	0.0	0.0	0.0
7	0.0	0.0	0.0	0.0	0.0	0.0	0.0	0.0	0.0	0.0	0.0	0.0
8	8.6	0.0	0.0	0.0	0.0	0.0	10.7	0.0	0.0	0.0	0.0	0.0
9	0.0	0.0	0.0	0.0	0.0	0.0	14.0	0.0	0.0	0.0	0.0	0.0
10	0.0	0.0	0.0	0.0	0.0	0.0	20.6	5.1	0.0	0.0	0.0	0.0
11	0.0	0.0	0.0	0.0	0.0	0.0	31.0	39.4	0.0	0.0	0.0	0.0
12	0.0	0.0	0.0	0.0	0.0	0.0	5.6	0.0	0.0	0.0	0.0	0.0
13	0.0	0.0	0.0	0.0	0.0	0.0	15.2	1.8	0.0	0.0	0.0	0.0
14	0.0	0.0	0.0	0.0	0.0	0.0	2.5	0.0	7.6	0.0	0.0	0.0
15	0.0	0.0	0.0	0.0	0.0	0.0	1.8	0.0	0.0	0.0	0.0	0.0
16	0.0	0.0	0.0	0.0	0.0	0.0	12.9	11.4	0.0	0.0	0.0	0.0
17	0.0	0.0	0.0	0.0	0.0	0.0	0.0	0.0	0.0	0.0	0.0	0.0
18	0.0	0.0	0.0	0.0	0.0	0.0	1.5	0.0	0.0	0.0	0.0	0.0
19	0.0	0.0	0.0	0.0	0.0	0.0	3.8	5.1	0.0	0.0	0.0	0.0
20	0.0	0.0	0.0	0.0	0.0	0.0	0.0	17.8	0.0	0.0	0.0	0.0
21	0.0	0.0	0.0	0.0	0.0	0.0	0.0	12.7	0.0	0.0	0.0	0.0
22	0.0	0.0	0.0	0.0	0.0	0.0	3.1	11.7	0.0	0.0	0.0	0.0
23	0.0	0.0	0.0	0.0	0.0	25.4	0.0	7.6	0.0	0.0	0.0	0.0
24	0.0	0.0	0.0	0.0	0.0	0.0	0.0	91.4	0.0	0.0	0.0	0.0
25	0.0	0.0	0.0	0.0	0.0	11.4	0.0	47.0	0.0	0.0	0.0	0.0
26	0.0	0.0	0.0	0.0	0.0	0.0	17.0	0.0	0.0	0.0	0.0	0.0
27	0.0	0.0	0.0	0.0	0.0	0.0	5.3	0.0	0.0	0.0	0.0	0.0
28	0.0	0.0	0.0	0.0	0.0	0.0	1.3	0.0	0.0	0.0	0.0	0.0
29	0.0		0.0	0.0	0.0	0.0	0.0	0.0	0.0	0.0	0.0	0.0
30	0.0		0.0	0.0	0.0	0.0	1.8	0.0	0.0	0.0	0.0	0.0
31	0.0		0.0		0.0		0.0	0.0		0.0		0.0
-	-	-	-	-	-	-	-	-	-	-	-	-
MONTHLY												
RAINFALL	8.6	0.0	0.0	0.0	0.0	59.7	148.1	251.0	7.6	0.0	0.0	0.0
												
RAINYDAYS	1	0	0	0	0	3	12	10	1	0	0	0
												
NO.OFOBS-												
-ERVATION	31	28	31	30	31	30	31	31	30	31	30	31
-	-	-	-	-	-	-	-	-	-	-	-	-
HIGHEST DAILY RAINFALL FOR 1957 WAS					91.4	mm ON	24-Aug		47.0	mm ON	25-Aug	
					39.4	mm ON	11-Aug					
ANNUAL RAINFALL =			475.0	ANNUAL RAINY DAYS =			27	ANNUAL NO OF OBSERVATIONS =				365
-	-	-	-	-	-	-	-	-	-	-	-	-
												
STATION               :		KOTRA			DISTRICT   :		UDAIPUR		STATE           :		RAJASTHAN	
CATCHMENT NO.  :		106			LATITUDE  :		"240 22"" N"		LONGITUDE   :		"730 10"" E"	
-	-	-	-	-	-	-	-	-	-	-	-	-
DATE	JAN	FEB	MAR	APR	MAY	JUN	JUL	AUG	SEP	OCT	NOV	DEC
-	-	-	-	-	-	-	-	-	-	-	-	-
1	0.0	0.0	0.0	0.0	0.0	0.0	0.0	0.0	0.0	0.0	0.0	0.0
2	0.0	0.0	0.0	0.0	0.0	0.0	0.0	0.0	0.0	0.0	12.9	0.0
3	0.0	0.0	0.0	0.0	0.0	13.2	0.0	0.0	0.0	0.0	0.0	0.0
4	0.0	0.0	0.0	0.0	0.0	0.0	0.0	0.0	0.0	0.0	0.0	0.0
5	0.0	0.0	0.0	0.0	0.0	0.0	0.0	0.0	0.0	0.0	0.0	0.0
6	0.0	0.0	0.0	0.0	0.0	0.0	0.0	0.0	0.0	0.0	0.0	0.0
7	0.0	0.0	0.0	0.0	0.0	0.0	0.0	0.0	0.0	0.0	0.0	0.0
8	0.0	0.0	0.0	0.0	0.0	0.0	0.0	0.0	0.0	0.0	0.0	0.0
9	0.0	0.0	0.0	0.0	0.0	0.0	0.0	0.0	0.0	0.0	0.0	0.0
10	0.0	0.0	0.0	0.0	0.0	0.0	28.5	3.8	8.1	0.0	0.0	0.0
11	0.0	0.0	0.0	0.0	0.0	0.0	45.7	74.9	0.0	0.0	0.0	0.0
12	0.0	0.0	0.0	0.0	0.0	0.0	3.1	0.0	0.0	0.0	0.0	0.0
13	0.0	0.0	0.0	0.0	0.0	0.0	30.0	5.1	0.0	0.0	0.0	0.0
14	0.0	0.0	0.0	0.0	0.0	0.0	31.0	12.7	0.0	0.0	0.0	0.0
15	0.0	0.0	0.0	0.0	0.0	3.8	0.0	15.2	0.0	0.0	0.0	0.0
16	0.0	0.0	0.0	0.0	0.0	0.0	16.5	0.0	0.0	0.0	0.0	0.0
17	0.0	0.0	0.0	0.0	0.0	0.0	0.0	0.0	0.0	0.0	0.0	0.0
18	0.0	0.0	0.0	0.0	0.0	0.0	2.8	0.0	0.0	0.0	0.0	0.0
19	0.0	0.0	0.0	0.0	10.2	0.0	4.6	2.5	0.0	0.0	0.0	0.0
20	0.0	0.0	0.0	0.0	0.0	0.0	4.6	42.2	0.0	0.0	0.0	0.0
21	0.0	0.0	0.0	0.0	0.0	10.2	1.5	33.0	0.0	0.0	0.0	0.0
22	0.0	0.0	0.0	0.0	0.0	0.0	1.0	0.0	0.0	0.0	0.0	0.0
23	0.0	0.0	0.0	0.0	0.0	0.0	2.3	90.2	0.0	0.0	0.0	0.0
24	0.0	0.0	0.0	0.0	0.0	3.1	2.0	47.5	0.0	0.0	0.0	0.0
25	0.0	0.0	0.0	0.0	0.0	10.2	0.0	0.0	0.0	0.0	0.0	0.0
26	0.0	0.0	0.0	0.0	0.0	0.0	0.0	0.0	0.0	0.0	0.0	0.0
27	0.0	0.0	0.0	0.0	0.0	0.0	0.0	0.0	0.0	0.0	0.0	0.0
28	0.0	0.0	0.0	0.0	0.0	28.5	0.0	0.0	0.0	0.0	0.0	0.0
29	0.0		0.0	0.0	0.0	0.0	0.0	0.0	0.0	0.0	0.0	0.0
30	0.0		0.0	0.0	0.0	0.0	0.0	0.0	0.0	0.0	0.0	0.0
31	0.0		0.0		0.0		0.0	0.0		0.0		0.0
-	-	-	-	-	-	-	-	-	-	-	-	-
MONTHLY												
RAINFALL	0.0	0.0	0.0	0.0	10.2	69.0	173.6	327.1	8.1	0.0	12.9	0.0
												
RAINYDAYS	0	0	0	0	1	6	9	10	1	0	1	0
												
NO.OFOBS-												
-ERVATION	31	28	31	30	31	30	31	31	30	31	30	31
-	-	-	-	-	-	-	-	-	-	-	-	-
HIGHEST DAILY RAINFALL FOR 1957 WAS					90.2	mm ON	23-Aug		74.9	mm ON	11-Aug	
					47.5	mm ON	24-Aug					
ANNUAL RAINFALL =			600.9	ANNUAL RAINY DAYS =			28	ANNUAL NO OF OBSERVATIONS =				365
-	-	-	-	-	-	-	-	-	-	-	-	-
												
STATION               :		GOGUNDA			DISTRICT   :		UDAIPUR		STATE           :		RAJASTHAN	
CATCHMENT NO.  :					LATITUDE  :				LONGITUDE   :			
-	-	-	-	-	-	-	-	-	-	-	-	-
DATE	JAN	FEB	MAR	APR	MAY	JUN	JUL	AUG	SEP	OCT	NOV	DEC
-	-	-	-	-	-	-	-	-	-	-	-	-
1	0.0	0.0	0.0	0.0	0.0	0.0	0.0	2.5	0.0	0.0	0.0	0.0
2	0.0	0.0	0.0	0.0	0.0	28.2	0.0	14.0	0.0	0.0	0.0	0.0
3	0.0	0.0	0.0	0.0	0.0	0.0	0.0	0.0	0.0	0.0	0.0	0.0
4	0.0	0.0	0.0	0.0	0.0	0.0	0.0	0.0	0.0	0.0	0.0	0.0
5	0.0	0.0	0.0	0.0	0.0	0.0	0.0	0.0	0.0	0.0	0.0	0.0
6	0.0	0.0	0.0	0.0	0.0	0.0	0.0	0.0	0.0	0.0	0.0	0.0
7	0.0	0.0	0.0	0.0	0.0	0.0	0.0	0.0	0.0	0.0	0.0	0.0
8	5.8	0.0	0.0	0.0	0.0	0.0	0.0	0.0	0.0	0.0	0.0	0.0
9	0.0	0.0	0.0	0.0	0.0	0.0	0.0	0.0	3.8	0.0	0.0	0.0
10	0.0	0.0	0.0	0.0	0.0	0.0	38.1	12.7	2.5	0.0	0.0	0.0
11	0.0	0.0	0.0	0.0	0.0	0.0	25.4	11.2	0.0	0.0	0.0	0.0
12	0.0	0.0	0.0	0.0	0.0	0.0	17.8	8.9	0.0	0.0	0.0	0.0
13	0.0	0.0	0.0	0.0	0.0	0.0	8.6	0.0	0.0	0.0	0.0	0.0
14	0.0	0.0	0.0	0.0	0.0	0.0	12.7	0.0	0.0	0.0	0.0	0.0
15	0.0	0.0	0.0	0.0	0.0	0.0	0.0	0.0	0.0	0.0	3.3	0.0
16	0.0	0.0	0.0	0.0	0.0	0.0	0.0	0.0	0.0	0.0	0.0	0.0
17	0.0	0.0	0.0	0.0	0.0	0.0	0.0	0.0	0.0	0.0	3.1	0.0
18	0.0	0.0	0.0	0.0	0.0	0.0	0.0	0.0	0.0	0.0	0.0	0.0
19	0.0	0.0	0.0	0.0	0.0	0.0	0.0	0.0	0.0	0.0	0.0	0.0
20	0.0	0.0	0.0	0.0	0.0	0.0	0.0	16.8	0.0	0.0	0.0	0.0
21	0.0	0.0	0.0	0.0	0.0	20.6	0.0	6.3	3.8	0.0	0.0	0.0
22	0.0	0.0	0.0	0.0	0.0	0.0	0.0	0.0	5.1	0.0	0.0	0.0
23	0.0	0.0	0.0	0.0	0.0	0.0	0.0	79.0	0.0	0.0	0.0	0.0
24	0.0	0.0	0.0	0.0	0.0	0.0	0.0	16.5	0.0	0.0	0.0	0.0
25	0.0	0.0	0.0	0.0	0.0	35.8	0.0	0.0	0.0	0.0	0.0	0.0
26	0.0	0.0	0.0	0.0	0.0	0.0	0.0	0.0	0.0	0.0	0.0	0.0
27	0.0	0.0	0.0	0.0	0.0	6.3	32.5	0.0	0.0	0.0	0.0	0.0
28	0.0	0.0	0.0	0.0	0.0	27.9	0.0	0.0	0.0	0.0	0.0	0.0
29	0.0		0.0	0.0	0.0	0.0	0.0	0.0	0.0	0.0	0.0	0.0
30	0.0		0.0	0.0	0.0	0.0	0.0	0.0	0.0	0.0	0.0	0.0
31	0.0		0.0		0.0		0.0	0.0		0.0		0.0
-	-	-	-	-	-	-	-	-	-	-	-	-
MONTHLY												
RAINFALL	5.8	0.0	0.0	0.0	0.0	118.8	135.1	167.9	15.2	0.0	6.4	0.0
												
RAINYDAYS	1	0	0	0	0	5	6	9	4	0	2	0
												
NO.OFOBS-												
-ERVATION	31	28	31	30	31	30	31	31	30	31	30	31
-	-	-	-	-	-	-	-	-	-	-	-	-
HIGHEST DAILY RAINFALL FOR 1957 WAS					79.0	mm ON	23-Aug		38.1	mm ON	10-Jul	
					35.8	mm ON	25-Jun					
ANNUAL RAINFALL =			449.2	ANNUAL RAINY DAYS =			27	ANNUAL NO OF OBSERVATIONS =				365
-	-	-	-	-	-	-	-	-	-	-	-	-
												
STATION               :		RAILMAGRA			DISTRICT   :		UDAIPUR		STATE           :		RAJASTHAN	
CATCHMENT NO.  :		106			LATITUDE  :		"250 02"" N"		LONGITUDE   :		"740 08"" E"	
-	-	-	-	-	-	-	-	-	-	-	-	-
DATE	JAN	FEB	MAR	APR	MAY	JUN	JUL	AUG	SEP	OCT	NOV	DEC
-	-	-	-	-	-	-	-	-	-	-	-	-
1	0.0	0.0	0.0	0.0	0.0	0.0	0.0	0.0	0.0	0.0	0.0	0.0
2	0.0	0.0	0.0	0.0	0.0	0.0	0.0	0.0	0.0	0.0	0.0	0.0
3	0.0	0.0	0.0	0.0	0.0	0.0	0.0	0.0	0.0	0.0	0.0	0.0
4	0.0	0.0	0.0	0.0	0.0	0.0	0.0	0.0	0.0	0.0	0.0	0.0
5	0.0	0.0	0.0	0.0	0.0	0.0	0.0	0.0	0.0	0.0	0.0	0.0
6	0.0	0.0	0.0	0.0	0.0	0.0	0.0	0.0	5.1	0.0	0.0	0.0
7	0.0	0.0	0.0	0.0	0.0	0.0	0.0	0.0	0.0	0.0	0.0	0.0
8	29.2	0.0	0.0	0.0	0.0	0.0	7.6	0.0	0.0	0.0	0.0	0.0
9	0.0	0.0	0.0	0.0	0.0	0.0	8.9	0.0	0.0	0.0	0.0	0.0
10	0.0	0.0	0.0	0.0	0.0	0.0	0.0	0.0	0.0	0.0	0.0	0.0
11	0.0	0.0	0.0	0.0	0.0	0.0	0.0	76.2	0.0	0.0	0.0	0.0
12	0.0	0.0	0.0	0.0	0.0	0.0	0.0	38.1	0.0	0.0	0.0	0.0
13	0.0	0.0	0.0	0.0	0.0	0.0	6.3	0.0	19.0	0.0	0.0	0.0
14	0.0	0.0	0.0	0.0	0.0	0.0	0.0	0.0	0.0	0.0	0.0	0.0
15	0.0	0.0	0.0	0.0	0.0	0.0	24.1	0.0	0.0	0.0	0.0	0.0
16	0.0	0.0	0.0	0.0	0.0	0.0	12.7	0.0	0.0	0.0	0.0	0.0
17	0.0	0.0	0.0	0.0	0.0	0.0	0.0	0.0	0.0	0.0	0.0	0.0
18	0.0	0.0	0.0	0.0	0.0	0.0	0.0	0.0	0.0	0.0	0.0	0.0
19	0.0	0.0	0.0	0.0	0.0	0.0	0.0	0.0	0.0	0.0	0.0	0.0
20	0.0	0.0	0.0	0.0	0.0	0.0	0.0	25.1	0.0	0.0	0.0	0.0
21	0.0	0.0	0.0	0.0	0.0	0.0	0.0	0.0	0.0	10.2	0.0	0.0
22	0.0	0.0	0.0	0.0	0.0	0.0	5.6	0.0	0.0	20.3	0.0	0.0
23	0.0	0.0	0.0	0.0	0.0	0.0	0.0	228.6	0.0	0.0	0.0	0.0
24	0.0	0.0	0.0	0.0	0.0	0.0	0.0	0.0	0.0	0.0	0.0	0.0
25	0.0	0.0	0.0	0.0	0.0	0.0	12.7	0.0	0.0	0.0	0.0	0.0
26	0.0	0.0	0.0	0.0	0.0	0.0	0.0	0.0	0.0	0.0	0.0	0.0
27	0.0	0.0	0.0	0.0	0.0	0.0	0.0	0.0	0.0	0.0	0.0	0.0
28	0.0	0.0	0.0	0.0	0.0	0.0	0.0	0.0	0.0	0.0	0.0	0.0
29	0.0		0.0	0.0	0.0	0.0	0.0	0.0	0.0	0.0	0.0	0.0
30	0.0		0.0	0.0	0.0	0.0	0.0	0.0	0.0	0.0	0.0	0.0
31	0.0		0.0		0.0		0.0	0.0		0.0		0.0
-	-	-	-	-	-	-	-	-	-	-	-	-
MONTHLY												
RAINFALL	29.2	0.0	0.0	0.0	0.0	0.0	77.9	368.0	24.1	30.5	0.0	0.0
												
RAINYDAYS	1	0	0	0	0	0	7	4	2	2	0	0
												
NO.OFOBS-												
-ERVATION	31	28	31	30	31	30	31	31	30	31	30	31
-	-	-	-	-	-	-	-	-	-	-	-	-
HIGHEST DAILY RAINFALL FOR 1957 WAS					228.6	mm ON	23-Aug		76.2	mm ON	11-Aug	
					38.1	mm ON	12-Aug					
ANNUAL RAINFALL =			529.7	ANNUAL RAINY DAYS =			16	ANNUAL NO OF OBSERVATIONS =				365
-	-	-	-	-	-	-	-	-	-	-	-	-
												
STATION               :		NATHDWARA			DISTRICT   :		UDAIPUR		STATE           :		RAJASTHAN	
CATCHMENT NO.  :		106			LATITUDE  :		"240 55"" N"		LONGITUDE   :		"730 50"" E"	
-	-	-	-	-	-	-	-	-	-	-	-	-
DATE	JAN	FEB	MAR	APR	MAY	JUN	JUL	AUG	SEP	OCT	NOV	DEC
-	-	-	-	-	-	-	-	-	-	-	-	-
1	0.0	0.0	0.0	0.0	0.0	0.0	0.0	0.0	0.0	0.0	0.0	0.0
2	0.0	0.0	0.0	0.0	0.0	20.3	0.0	0.0	0.0	0.0	0.0	0.0
3	0.0	0.0	0.0	0.0	0.0	0.0	0.0	0.0	0.0	0.0	0.0	0.0
4	0.0	0.0	0.0	0.0	0.0	0.0	0.0	0.0	0.0	0.0	0.0	0.0
5	0.0	0.0	0.0	0.0	0.0	0.0	0.0	0.0	0.0	0.0	0.0	0.0
6	0.0	0.0	0.0	0.0	0.0	0.0	0.0	0.0	0.0	0.0	0.0	0.0
7	0.0	0.0	0.0	0.0	0.0	0.0	0.0	0.0	0.0	0.0	0.0	0.0
8	24.1	0.0	0.0	0.0	0.0	0.0	38.1	0.0	0.0	0.0	0.0	0.0
9	0.0	0.0	0.0	0.0	0.0	0.0	6.9	0.0	0.0	0.0	0.0	0.0
10	0.0	0.0	0.0	0.0	0.0	0.0	22.9	12.5	0.0	0.0	0.0	0.0
11	0.0	0.0	0.0	0.0	0.0	0.0	44.5	60.2	0.0	0.0	0.0	0.0
12	0.0	0.0	0.0	0.0	0.0	0.0	0.0	20.1	0.0	0.0	0.0	0.0
13	0.0	0.0	0.0	0.0	0.0	0.0	27.9	0.0	0.0	0.0	0.0	0.0
14	0.0	0.0	0.0	0.0	0.0	0.0	21.6	0.0	0.0	0.0	6.9	0.0
15	0.0	0.0	0.0	0.0	0.0	0.0	0.0	15.2	0.0	0.0	0.0	0.0
16	0.0	0.0	0.0	0.0	0.0	17.8	0.0	0.0	0.0	0.0	0.0	0.0
17	0.0	0.0	0.0	0.0	0.0	0.0	0.0	0.0	0.0	0.0	0.0	0.0
18	0.0	0.0	0.0	0.0	0.0	0.0	0.0	0.0	0.0	0.0	0.0	0.0
19	0.0	0.0	0.0	0.0	0.0	0.0	0.0	0.0	0.0	0.0	0.0	0.0
20	0.0	0.0	0.0	0.0	0.0	0.0	0.0	0.0	0.0	0.0	0.0	0.0
21	0.0	0.0	0.0	0.0	0.0	0.0	0.0	0.0	0.0	0.0	0.0	0.0
22	0.0	0.0	0.0	0.0	0.0	0.0	0.0	0.0	0.0	0.0	0.0	0.0
23	0.0	0.0	0.0	0.0	0.0	2.5	0.0	224.8	0.0	0.0	0.0	0.0
24	0.0	0.0	0.0	0.0	0.0	16.0	0.0	0.0	0.0	0.0	0.0	0.0
25	0.0	0.0	0.0	0.0	0.0	0.0	0.0	0.0	0.0	0.0	0.0	0.0
26	0.0	0.0	0.0	0.0	0.0	0.0	0.0	0.0	0.0	0.0	0.0	0.0
27	0.0	0.0	0.0	0.0	0.0	20.3	0.0	0.0	0.0	0.0	0.0	0.0
28	0.0	0.0	0.0	0.0	0.0	0.0	0.0	0.0	0.0	0.0	0.0	0.0
29	0.0		0.0	0.0	0.0	0.0	0.0	0.0	0.0	0.0	0.0	0.0
30	0.0		0.0	0.0	0.0	0.0	0.0	0.0	0.0	0.0	0.0	0.0
31	0.0		0.0		0.0		0.0	0.0		0.0		0.0
-	-	-	-	-	-	-	-	-	-	-	-	-
MONTHLY												
RAINFALL	24.1	0.0	0.0	0.0	0.0	76.9	161.9	332.8	0.0	0.0	6.9	0.0
												
RAINYDAYS	1	0	0	0	0	5	6	5	0	0	1	0
												
NO.OFOBS-												
-ERVATION	31	28	31	30	31	30	31	31	30	31	30	31
-	-	-	-	-	-	-	-	-	-	-	-	-
HIGHEST DAILY RAINFALL FOR 1957 WAS					224.8	mm ON	23-Aug		60.2	mm ON	11-Aug	
					44.5	mm ON	11-Jul					
ANNUAL RAINFALL =			602.6	ANNUAL RAINY DAYS =			18	ANNUAL NO OF OBSERVATIONS =				365
-	-	-	-	-	-	-	-	-	-	-	-	-
												
STATION               :		JHADOL (A)			DISTRICT   :		UDAIPUR		STATE           :		RAJASTHAN	
CATCHMENT NO.  :					LATITUDE  :		"240 14"" N"		LONGITUDE   :		"750 57"" E"	
-	-	-	-	-	-	-	-	-	-	-	-	-
DATE	JAN	FEB	MAR	APR	MAY	JUN	JUL	AUG	SEP	OCT	NOV	DEC
-	-	-	-	-	-	-	-	-	-	-	-	-
1	0.0	0.0	0.0	0.0	0.0	0.0	0.0	0.0	0.0	0.0	0.0	0.0
2	0.0	0.0	0.0	0.0	0.0	0.0	0.0	0.0	0.0	0.0	0.0	0.0
3	0.0	0.0	0.0	0.0	0.0	0.0	0.0	0.0	0.0	0.0	0.0	0.0
4	0.0	0.0	0.0	0.0	0.0	0.0	0.0	0.0	0.0	0.0	0.0	0.0
5	0.0	0.0	0.0	0.0	0.0	0.0	0.0	0.0	0.0	0.0	0.0	0.0
6	0.0	0.0	0.0	0.0	0.0	0.0	0.0	0.0	0.0	0.0	0.0	0.0
7	0.0	0.0	0.0	0.0	0.0	0.0	0.0	0.0	0.0	0.0	0.0	0.0
8	0.0	0.0	0.0	0.0	0.0	0.0	0.0	0.0	0.0	0.0	0.0	0.0
9	3.1	0.0	0.0	0.0	0.0	0.0	6.9	0.0	0.0	0.0	0.0	0.0
10	0.0	0.0	0.0	0.0	0.0	0.0	5.3	5.1	0.0	0.0	0.0	0.0
11	0.0	0.0	0.0	0.0	0.0	0.0	2.8	0.0	0.0	0.0	0.0	0.0
12	0.0	0.0	0.0	0.0	0.0	0.0	4.3	5.6	0.0	0.0	0.0	0.0
13	0.0	0.0	0.0	0.0	0.0	0.0	11.9	0.0	0.0	0.0	0.0	0.0
14	0.0	0.0	0.0	0.0	0.0	0.0	11.4	0.0	0.0	0.0	0.0	0.0
15	0.0	0.0	0.0	0.0	0.0	0.0	3.6	1.5	0.0	0.0	0.0	0.0
16	0.0	0.0	0.0	0.0	0.0	0.0	0.0	1.5	0.0	0.0	0.0	0.0
17	0.0	0.0	0.0	0.0	0.0	0.0	0.0	0.0	0.0	0.0	0.0	0.0
18	0.0	0.0	0.0	0.0	0.0	0.0	0.0	0.0	0.0	0.0	0.0	0.0
19	0.0	0.0	0.0	0.0	0.0	0.0	0.0	0.0	0.0	0.0	0.0	0.0
20	0.0	0.0	0.0	0.0	0.0	0.0	0.0	2.3	0.0	0.0	0.0	0.0
21	0.0	0.0	0.0	0.0	0.0	0.0	0.0	9.4	0.0	0.0	0.0	0.0
22	0.0	0.0	0.0	0.0	0.0	0.0	0.0	16.8	0.0	0.0	0.0	0.0
23	0.0	0.0	0.0	0.0	0.0	0.0	0.0	0.0	0.0	0.0	0.0	0.0
24	0.0	0.0	0.0	0.0	0.0	0.0	0.0	83.8	0.0	0.0	0.0	0.0
25	0.0	0.0	0.0	0.0	0.0	0.0	0.0	8.4	0.0	0.0	0.0	0.0
26	0.0	0.0	0.0	0.0	0.0	0.0	1.8	0.0	0.0	0.0	0.0	0.0
27	0.0	0.0	0.0	0.0	0.0	0.0	8.4	0.0	0.0	0.0	0.0	0.0
28	0.0	0.0	0.0	0.0	0.0	0.0	0.0	0.0	0.0	0.0	0.0	0.0
29	0.0		0.0	0.0	0.0	0.0	0.0	0.0	0.0	0.0	0.0	0.0
30	0.0		0.0	0.0	0.0	0.0	0.0	0.0	0.0	0.0	0.0	0.0
31	0.0		0.0		0.0		0.0	0.0		0.0		0.0
-	-	-	-	-	-	-	-	-	-	-	-	-
MONTHLY												
RAINFALL	3.1	0.0	0.0	0.0	0.0	0.0	56.4	134.4	0.0	0.0	0.0	0.0
												
RAINYDAYS	1	0	0	0	0	0	8	6	0	0	0	0
												
NO.OFOBS-												
-ERVATION	31	28	31	30	31	30	31	31	30	31	30	31
-	-	-	-	-	-	-	-	-	-	-	-	-
HIGHEST DAILY RAINFALL FOR 1957 WAS					83.8	mm ON	24-Aug		16.8	mm ON	22-Aug	
					11.9	mm ON	13-Jul					
ANNUAL RAINFALL =			193.9	ANNUAL RAINY DAYS =			15	ANNUAL NO OF OBSERVATIONS =				365
-	-	-	-	-	-	-	-	-	-	-	-	-
												
STATION               :		KOTRA CANTT (A)			DISTRICT   :		UDAIPUR		STATE           :		RAJASTHAN	
CATCHMENT NO.  :		105			LATITUDE  :		"230 59"" N"		LONGITUDE   :		"730 36"" E"	
-	-	-	-	-	-	-	-	-	-	-	-	-
DATE	JAN	FEB	MAR	APR	MAY	JUN	JUL	AUG	SEP	OCT	NOV	DEC
-	-	-	-	-	-	-	-	-	-	-	-	-
1	0.0	0.0	0.0	0.0	0.0	0.0	0.0	0.0	0.0	0.0	0.0	0.0
2	0.0	0.0	0.0	0.0	0.0	0.0	0.0	0.0	0.0	0.0	0.0	0.0
3	0.0	0.0	0.0	0.0	0.0	13.2	0.0	0.0	0.0	0.0	0.0	0.0
4	0.0	0.0	0.0	0.0	0.0	0.0	0.0	0.0	0.0	0.0	0.0	0.0
5	0.0	0.0	0.0	0.0	0.0	0.0	0.0	0.0	0.0	0.0	0.0	0.0
6	0.0	0.0	0.0	0.0	0.0	0.0	0.0	0.0	0.0	0.0	0.0	0.0
7	0.0	0.0	0.0	0.0	0.0	0.0	0.0	0.0	0.0	0.0	0.0	0.0
8	0.0	0.0	0.0	0.0	0.0	0.0	0.0	0.0	0.0	0.0	0.0	0.0
9	0.0	0.0	0.0	0.0	0.0	0.0	0.0	0.0	0.0	0.0	0.0	0.0
10	12.7	0.0	0.0	0.0	0.0	0.0	28.5	3.8	8.1	0.0	0.0	0.0
11	0.0	0.0	0.0	0.0	0.0	0.0	20.3	74.9	0.0	0.0	0.0	0.0
12	0.0	0.0	0.0	0.0	0.0	0.0	3.1	5.1	0.0	0.0	0.0	0.0
13	0.0	0.0	0.0	0.0	0.0	0.0	30.0	0.0	0.0	0.0	0.0	0.0
14	0.0	0.0	0.0	0.0	0.0	0.0	31.0	12.7	0.0	0.0	0.0	0.0
15	0.0	0.0	0.0	0.0	0.0	3.8	0.0	14.0	0.0	0.0	0.0	0.0
16	0.0	0.0	0.0	0.0	0.0	0.0	16.5	1.3	0.0	0.0	0.0	0.0
17	0.0	0.0	0.0	0.0	0.0	0.0	2.8	0.0	0.0	0.0	6.3	0.0
18	0.0	0.0	0.0	0.0	0.0	0.0	4.1	0.0	0.0	0.0	0.0	0.0
19	0.0	0.0	0.0	0.0	10.2	0.0	0.0	2.5	0.0	0.0	0.0	0.0
20	0.0	0.0	0.0	0.0	0.0	0.0	4.6	42.2	0.0	0.0	0.0	0.0
21	0.0	0.0	0.0	0.0	0.0	0.0	1.5	33.0	0.0	2.8	0.0	0.0
22	0.0	0.0	0.0	0.0	0.0	10.2	1.0	0.0	0.0	3.1	0.0	0.0
23	0.0	0.0	0.0	0.0	0.0	0.0	2.3	90.2	0.0	0.0	0.0	0.0
24	0.0	0.0	0.0	0.0	0.0	0.0	2.0	47.5	0.0	0.0	0.0	0.0
25	0.0	0.0	0.0	0.0	0.0	28.5	0.0	0.0	0.0	0.0	0.0	0.0
26	0.0	0.0	0.0	0.0	0.0	31.0	8.9	0.0	0.0	0.0	0.0	0.0
27	0.0	0.0	0.0	0.0	0.0	54.6	0.0	0.0	0.0	0.0	0.0	0.0
28	0.0	0.0	0.0	0.0	0.0	0.0	0.0	0.0	0.0	0.0	0.0	0.0
29	0.0		0.0	0.0	0.0	0.0	7.6	0.0	0.0	0.0	0.0	0.0
30	0.0		0.0	0.0	0.0	0.0	6.3	0.0	0.0	0.0	0.0	0.0
31	0.0		0.0		0.0		2.8	0.0		0.0		0.0
-	-	-	-	-	-	-	-	-	-	-	-	-
MONTHLY												
RAINFALL	12.7	0.0	0.0	0.0	10.2	141.3	173.3	327.2	8.1	5.9	6.3	0.0
												
RAINYDAYS	1	0	0	0	1	6	13	10	1	2	1	0
												
NO.OFOBS-												
-ERVATION	31	28	31	30	31	30	31	31	30	31	30	31
-	-	-	-	-	-	-	-	-	-	-	-	-
HIGHEST DAILY RAINFALL FOR 1957 WAS					90.2	mm ON	23-Aug		74.9	mm ON	11-Aug	
					54.6	mm ON	27-Jun					
ANNUAL RAINFALL =			685.0	ANNUAL RAINY DAYS =			35	ANNUAL NO OF OBSERVATIONS =				365
-	-	-	-	-	-	-	-	-	-	-	-	-
												
STATION               :		TARPAL (A)			DISTRICT   :		UDAIPUR		STATE           :		RAJASTHAN	
CATCHMENT NO.  :					LATITUDE  :		"240 07"" N"		LONGITUDE   :		"730 43"" E"	
-	-	-	-	-	-	-	-	-	-	-	-	-
DATE	JAN	FEB	MAR	APR	MAY	JUN	JUL	AUG	SEP	OCT	NOV	DEC
-	-	-	-	-	-	-	-	-	-	-	-	-
1	0.0	0.0	0.0	0.0	0.0	0.0	0.0	0.0	0.8	0.0	0.0	0.0
2	0.0	0.0	0.0	0.0	0.0	0.0	0.0	0.0	0.5	0.0	0.0	0.0
3	0.0	0.0	0.0	0.0	0.0	34.3	0.0	0.0	0.0	0.0	0.0	0.0
4	0.0	0.0	0.0	0.0	0.0	0.0	0.0	0.0	0.0	0.0	0.0	0.0
5	0.0	0.0	0.0	0.0	0.0	0.0	0.0	0.0	1.3	0.0	0.0	0.0
6	0.0	0.0	0.0	0.0	0.0	0.0	0.0	0.0	0.0	0.0	0.0	0.0
7	0.0	0.0	0.0	0.0	0.0	0.0	0.0	0.0	0.0	0.0	0.0	0.0
8	27.9	0.0	0.0	0.0	0.0	0.0	0.0	0.0	0.0	0.0	0.0	0.0
9	0.0	0.0	0.0	0.0	0.0	0.0	29.2	0.0	0.0	0.0	0.0	0.0
10	0.0	0.0	0.0	0.0	0.0	0.0	81.3	19.0	0.0	0.0	0.0	0.0
11	0.0	0.0	0.0	0.0	0.0	0.0	5.1	15.2	0.0	0.0	0.0	7.6
12	0.0	0.0	0.0	0.0	0.0	0.0	1.8	40.6	0.0	0.0	0.0	0.0
13	0.0	0.0	0.0	0.0	0.0	0.0	10.2	0.5	0.0	0.0	1.3	0.0
14	0.0	0.0	0.0	0.0	0.0	0.0	4.1	4.6	0.0	0.0	1.8	0.0
15	0.0	0.0	0.0	0.0	0.0	16.5	0.0	0.0	0.0	0.0	0.5	0.0
16	0.0	0.0	0.0	0.0	0.0	0.0	0.0	5.1	0.0	0.0	2.5	0.0
17	0.0	0.0	0.0	0.0	0.0	0.0	0.0	0.0	0.0	0.0	0.0	0.0
18	0.0	0.0	0.0	0.0	0.0	0.0	0.5	1.0	0.0	0.0	0.0	0.0
19	0.0	0.0	0.0	0.0	0.0	0.0	0.8	1.3	0.0	0.0	0.0	0.0
20	0.0	0.0	0.0	0.0	0.0	0.0	0.0	5.1	5.1	0.0	0.0	0.0
21	0.0	0.0	0.0	0.0	0.0	0.8	0.0	11.4	0.0	0.0	0.0	0.0
22	0.0	0.0	0.0	0.0	0.0	0.5	0.5	0.0	0.0	0.0	0.0	0.0
23	0.0	0.0	0.0	0.0	0.0	0.0	0.0	190.5	0.0	0.0	0.0	0.0
24	0.0	0.0	0.0	0.0	0.0	5.6	0.0	40.6	0.0	0.0	0.0	0.0
25	0.0	0.0	0.0	0.0	1.3	12.7	0.0	0.0	0.0	0.0	0.0	0.0
26	0.0	0.0	0.0	0.0	0.0	0.0	0.0	0.0	0.0	0.0	0.0	0.0
27	0.0	0.0	0.0	0.0	0.0	10.2	0.0	0.0	0.0	0.0	0.0	0.0
28	0.0	0.0	0.0	0.0	0.0	8.9	0.0	0.0	0.0	0.0	0.0	0.0
29	0.0		0.0	0.0	0.0	77.5	0.0	0.0	0.0	0.0	0.0	0.0
30	0.0		0.0	0.0	0.0	0.0	0.0	0.0	0.0	0.0	0.0	0.0
31	0.0		0.0		0.0		0.0	0.0		0.0		0.0
-	-	-	-	-	-	-	-	-	-	-	-	-
MONTHLY												
RAINFALL	27.9	0.0	0.0	0.0	1.3	167.0	133.5	334.9	7.7	0.0	6.1	7.6
												
RAINYDAYS	1	0	0	0	0	7	5	9	1	0	1	1
												
NO.OFOBS-												
-ERVATION	31	28	31	30	31	30	31	31	30	31	30	31
-	-	-	-	-	-	-	-	-	-	-	-	-
HIGHEST DAILY RAINFALL FOR 1957 WAS					190.5	mm ON	23-Aug		81.3	mm ON	10-Jul	
					77.5	mm ON	29-Jun					
ANNUAL RAINFALL =			686.0	ANNUAL RAINY DAYS =			25	ANNUAL NO OF OBSERVATIONS =				365
-	-	-	-	-	-	-	-	-	-	-	-	-
